Municipio;Vivienda Familiar;vivienda principal;vivienda no principal;vivienda secundaria;vivienda vacia;vivienda colectiva
01001 Alegría-Dulantzi;1249;1082;167;72;95;2
01002 Amurrio;4435;3864;571;125;446;3
01010 Ayala/Aiara;1311;1071;240;57;183;1
01036 Laudio/Llodio;8550;7538;1012;97;915;2
01043 Oyón-Oion;1608;1246;362;174;188;4
01051 Agurain/Salvatierra;2514;2135;379;144;235;2
01059 Vitoria-Gasteiz;111247;102830;8417;2768;5649;78
01063 Zuia;1150;899;251;143;108;2
01901 Iruña Oka/Iruña de Oca;1616;1200;416;298;118;1
02003 Albacete;83229;62980;20249;5168;15081;22
02009 Almansa;11752;9651;2101;514;1587;2
02010 Alpera;1696;900;796;489;307;1
02012 Balazote;1240;829;411;139;272;1
02015 Barrax;1017;778;239;162;77;0
02019 Bonillo, El;1855;1103;752;549;203;2
02024 Casas-Ibáñez;2608;1892;716;141;575;3
02025 Caudete;5322;3877;1445;377;1068;2
02029 Chinchilla de Monte-Aragón;2696;1539;1157;350;807;1
02030 Elche de la Sierra;2981;1530;1451;1112;339;0
02033 Fuente-Álamo;1459;981;478;297;181;0
02035 Gineta, La;1403;945;458;107;351;1
02037 Hellín;14384;10969;3415;1551;1864;12
02045 Madrigueras;2434;1817;617;183;434;1
02051 Montealegre del Castillo;1235;853;382;196;186;1
02053 Munera;2483;1403;1080;718;362;1
02056 Ontur;1365;904;461;291;170;0
02057 Ossa de Montiel;1820;1042;778;561;217;5
02069 Roda, La;8171;5994;2177;867;1310;3
02073 Tarazona de la Mancha;3576;2401;1175;385;790;0
02074 Tobarra;5365;3071;2294;1598;696;1
02079 Villamalea;2115;1450;665;316;349;1
02081 Villarrobledo;12004;9686;2318;773;1545;7
02086 Yeste;2195;1268;927;219;708;3
02901 Pozo Cañada;1308;1036;272;72;200;0
03002 Agost;2801;1703;1098;754;344;0
03005 Albatera;6504;4120;2384;314;2070;0
03009 Alcoi/Alcoy;34866;25101;9765;3159;6606;8
03011 Alfàs del Pi, l';12406;8530;3876;2398;1478;11
03012 Algorfa;2528;1537;991;306;685;0
03014 Alacant/Alicante;186516;132637;53879;28707;25172;42
03015 Almoradí;9739;7147;2592;605;1987;1
03018 Altea;16430;9085;7345;3883;3462;7
03019 Aspe;10233;7453;2780;946;1834;1
03021 Banyeres de Mariola;4103;2749;1354;664;690;0
03024 Benejúzar;2646;1948;698;86;612;1
03031 Benidorm;58011;27912;30099;25131;4968;20
03034 Benijófar;2090;1416;674;328;346;0
03041 Benissa;11029;5014;6015;1077;4938;3
03042 Poble Nou de Benitatxell, el/Benitachell;4139;1970;2169;1389;780;0
03043 Biar;2520;1420;1100;611;489;0
03044 Bigastro;3165;2431;734;102;632;0
03046 Busot;1876;1267;609;420;189;0
03047 Calp;24954;10004;14950;11806;3144;3
03048 Callosa d'en Sarrià;4061;2770;1291;619;672;1
03049 Callosa de Segura;8448;6445;2003;405;1598;1
03050 Campello, el;26605;10975;15630;12609;3021;3
03053 Castalla;6895;4243;2652;1566;1086;2
03055 Catral;4377;3208;1169;371;798;0
03056 Cocentaina;6172;4555;1617;701;916;2
03058 Cox;3013;2384;629;90;539;0
03059 Crevillent;14691;10355;4336;2310;2026;1
03063 Dénia;43342;17248;26094;12507;13587;6
03064 Dolores;3706;2592;1114;441;673;0
03065 Elx/Elche;113336;86118;27218;13660;13558;15
03066 Elda;27916;20804;7112;2189;4923;4
03069 Finestrat;5637;2888;2749;1888;861;0
03070 Formentera del Segura;3495;1631;1864;477;1387;1
03071 Gata de Gorgos;3839;2315;1524;392;1132;0
03074 Granja de Rocamora;1068;924;144;23;121;0
03076 Guardamar del Segura;22264;6578;15686;10219;5467;4
03077 Fondó de les Neus, el/Hondón de las Nieves;1971;1255;716;520;196;0
03079 Ibi;11802;9123;2679;974;1705;3
03080 Jacarilla;1251;722;529;135;394;0
03081 Xaló;1940;1268;672;424;248;0
03082 Xàbia/Jávea;25274;12236;13038;7712;5326;4
03083 Xixona/Jijona;4438;3031;1407;462;945;1
03088 Monforte del Cid;4914;3052;1862;980;882;0
03089 Monòver/Monóvar;6767;4751;2016;781;1235;1
03090 Mutxamel;11529;8426;3103;1363;1740;9
03092 Muro de Alcoy;4937;3435;1502;895;607;1
03093 Novelda;13211;10003;3208;1503;1705;1
03094 Nucia, la;8771;6627;2144;1435;709;4
03095 Ondara;3417;2329;1088;526;562;1
03096 Onil;4241;3072;1169;580;589;3
03097 Orba;1649;1036;613;344;269;0
03099 Orihuela;69486;31021;38465;27573;10892;6
03101 Pedreguer;6407;3032;3375;2542;833;1
03102 Pego;6127;4144;1983;645;1338;1
03104 Petrer;16439;13198;3241;1541;1700;1
03105 Pinós, el/Pinoso;4338;2872;1466;844;622;0
03107 Polop;2785;1772;1013;478;535;1
03109 Rafal;1893;1560;333;34;299;0
03111 Redován;3395;2671;724;220;504;1
03113 Rojales;14262;8646;5616;2198;3418;1
03114 Romana, la;1817;1053;764;420;344;0
03118 San Fulgencio;8661;4486;4175;1633;2542;0
03119 Sant Joan d'Alacant;11261;8563;2698;992;1706;11
03120 San Miguel de Salinas;5966;2861;3105;2090;1015;0
03121 Santa Pola;43866;13912;29954;24126;5828;4
03122 Sant Vicent del Raspeig/San Vincente del Raspeig;26518;20906;5612;2706;2906;5
03123 Sax;5879;3839;2040;1311;729;0
03128 Teulada;12698;5406;7292;5373;1919;3
03133 Torrevieja;122327;39855;82472;62585;19887;11
03138 Verger, el;3020;1761;1259;423;836;2
03139 Vila Joiosa, la/Villajoyosa;24086;13088;10998;5813;5185;3
03140 Villena;18323;13090;5233;2466;2767;6
31176 Murchante;1760;1407;353;72;281;0
03901 Poblets, els;2874;1513;1361;963;398;0
03902 Pilar de la Horadada;22660;8374;14286;8068;6218;2
03903 Montesinos, Los;3287;2032;1255;850;405;0
04003 Adra;11835;8201;3634;580;3054;1
04006 Albox;6510;3996;2514;1104;1410;1
04011 Alhama de Almería;2008;1372;636;331;305;2
04013 Almería;99674;69178;30496;12276;18220;18
04016 Antas;1638;1176;462;267;195;0
04017 Arboleas;2438;2052;386;218;168;1
04024 Benahadux;2017;1496;521;163;358;0
04029 Berja;7677;5094;2583;876;1707;2
04031 Cantoria;2498;1664;834;353;481;0
04032 Carboneras;6267;2909;3358;1536;1822;1
04035 Cuevas del Almanzora;9225;4868;4357;2928;1429;2
04038 Dalías;2035;1442;593;93;500;1
04044 Fines;1285;832;453;193;260;0
04045 Fiñana;1548;959;589;333;256;0
04047 Gádor;1732;1162;570;228;342;0
04048 Gallardos, Los;1724;1402;322;182;140;0
04049 Garrucha;6063;3046;3017;1806;1211;1
04052 Huércal de Almería;7095;5568;1527;365;1162;1
04053 Huércal-Overa;9295;6633;2662;1395;1267;2
04062 Macael;2995;2157;838;321;517;0
04064 Mojácar;8536;3164;5372;4396;976;2
04066 Níjar;13304;9711;3593;1487;2106;1
04069 Olula del Río;3487;2384;1103;207;896;0
04070 Oria;1359;1059;300;156;144;0
04074 Pechina;1927;1296;631;206;425;1
04075 Pulpí;6326;3152;3174;2995;179;1
04079 Roquetas de Mar;57286;31485;25801;11737;14064;4
04083 Serón;1559;945;614;344;270;2
04086 Sorbas;1886;1031;855;671;184;1
04088 Tabernas;2453;1459;994;483;511;0
04092 Tíjola;2221;1352;869;598;271;1
04093 Turre;3231;1476;1755;807;948;0
04098 Vélez-Blanco;1920;920;1000;762;238;1
04099 Vélez-Rubio;4379;2682;1697;908;789;4
04100 Vera;10546;5389;5157;2749;2408;2
04101 Viator;2552;2004;548;204;344;2
04102 Vícar;11292;7493;3799;1583;2216;1
04103 Zurgena;1917;1273;644;344;300;0
04902 Ejido, El;39403;26239;13164;6954;6210;3
04903 Mojonera, La;2635;2602;33;13;20;0
05002 Adrada, La;4009;1054;2955;2615;340;0
05014 Arenas de San Pedro;6043;2609;3434;2497;937;3
05016 Arévalo;4806;2994;1812;412;1400;3
05019 Ávila;34465;22770;11695;3506;8189;22
05021 Barco de Ávila, El;2496;1138;1358;1150;208;2
05022 Barraco, El;2432;814;1618;1160;458;3
05047 Candeleda;5102;2141;2961;2432;529;2
05057 Cebreros;3150;1409;1741;989;752;1
05102 Hoyo de Pinares, El;2498;955;1543;1054;489;1
05163 Navaluenga;4316;996;3320;2821;499;1
05168 Navas del Marqués, Las;5094;1968;3126;1812;1314;1
05186 Piedrahíta;1952;833;1119;743;376;2
05187 Piedralaves;2802;952;1850;1416;434;1
05240 Sotillo de la Adrada;4586;1890;2696;1638;1058;3
05241 Tiemblo, El;5176;1740;3436;2328;1108;3
06002 Aceuchal;2508;2053;455;158;297;1
06005 Albuera, La;1242;799;443;205;238;1
06006 Alburquerque;3191;2111;1080;642;438;0
06011 Almendralejo;16418;12623;3795;927;2868;5
06012 Arroyo de San Serván;1728;1441;287;105;182;1
06014 Azuaga;4789;3171;1618;937;681;2
06015 Badajoz;72047;56297;15750;5161;10589;20
06016 Barcarrota;2107;1303;804;250;554;0
06019 Berlanga;1672;1002;670;273;397;0
06020 Bienvenida;1102;840;262;131;131;1
06022 Burguillos del Cerro;2085;1244;841;397;444;1
06023 Cabeza del Buey;3428;1942;1486;836;650;5
06025 Calamonte;2703;2430;273;155;118;1
06028 Campanario;3480;2072;1408;730;678;2
06036 Castuera;3925;2378;1547;833;714;2
06037 Codosera, La;1291;961;330;49;281;0
06039 Coronada, La;1410;891;519;321;198;0
06044 Don Benito;18991;13887;5104;1300;3804;4
06050 Fregenal de la Sierra;3229;1969;1260;520;740;2
06052 Fuente de Cantos;2425;1769;656;310;346;2
06054 Fuente del Maestre;3294;2480;814;146;668;1
06055 Fuentes de León;1647;996;651;269;382;0
06058 Garrovilla, La;1252;919;333;162;171;0
06059 Granja de Torrehermosa;1590;884;706;475;231;0
06060 Guareña;3490;2650;840;306;534;1
06063 Herrera del Duque;2375;1415;960;365;595;1
06066 Higuera de Vargas;1243;860;383;163;220;0
06067 Higuera la Real;1520;973;547;172;375;1
06069 Hornachos;2379;1419;960;502;458;2
06070 Jerez de los Caballeros;5088;3719;1369;545;824;1
06072 Lobón;1468;1112;356;111;245;0
06074 Llerena;3125;2098;1027;421;606;3
06080 Medellín;1170;886;284;125;159;0
06083 Mérida;28985;21508;7477;2366;5111;7
06085 Monesterio;2421;1628;793;440;353;1
06087 Monterrubio de la Serena;1932;1098;834;529;305;1
06088 Montijo;8190;6210;1980;570;1410;3
06091 Navalvillar de Pela;2952;1864;1088;755;333;0
06093 Oliva de la Frontera;3492;2252;1240;480;760;1
06095 Olivenza;5736;4242;1494;322;1172;4
06097 Orellana la Vieja;2115;1189;926;628;298;1
06103 Puebla de la Calzada;2761;2226;535;201;334;0
06108 Puebla de Sancho Pérez;1582;1021;561;277;284;0
06109 Quintana de la Serena;3268;1772;1496;912;584;0
06113 Ribera del Fresno;1858;1299;559;227;332;2
06120 Santa Amalia;2547;1540;1007;524;483;0
06121 Santa Marta;2205;1601;604;159;445;1
06122 Santos de Maimona, Los;3691;2948;743;151;592;1
06123 San Vicente de Alcántara;3270;2290;980;373;607;1
06124 Segura de León;1379;769;610;323;287;0
06125 Siruela;1948;911;1037;744;293;1
06126 Solana de los Barros;1201;1013;188;67;121;0
06127 Talarrubias;2727;1382;1345;911;434;2
06128 Talavera la Real;2459;1968;491;129;362;2
06133 Torremejía;1049;859;190;60;130;0
06141 Valencia del Ventoso;1425;834;591;313;278;0
06143 Valverde de Leganés;1825;1474;351;51;300;0
06149 Villafranca de los Barros;5950;4552;1398;405;993;5
06153 Villanueva de la Serena;13149;9764;3385;1200;2185;4
06154 Villanueva del Fresno;1745;1243;502;308;194;0
06155 Villar del Rey;1312;933;379;155;224;0
06158 Zafra;8155;6125;2030;570;1460;4
06159 Zahínos;1725;1072;653;150;503;0
06160 Zalamea de la Serena;2914;1492;1422;877;545;1
06162 Zarza, La;1982;1317;665;343;322;1
06901 Valdelacalzada;1156;1019;137;16;121;0
06902 Pueblonuevo del Guadiana;974;777;197;53;144;0
07001 Alaró;3035;2188;847;353;494;0
07002 Alaior;5408;3729;1679;653;1026;1
07003 Alcúdia;11637;7120;4517;3525;992;0
07004 Algaida;2827;1993;834;334;500;0
07005 Andratx;9324;4880;4444;2509;1935;0
07006 Artà;4419;2920;1499;582;917;5
07008 Binissalem;3926;2824;1102;547;555;1
07010 Bunyola;3237;2360;877;676;201;0
07011 Calvià;36330;18855;17475;12958;4517;16
07012 Campanet;1517;997;520;263;257;0
07013 Campos;6769;4082;2687;1540;1147;1
07014 Capdepera;7505;4780;2725;1123;1602;2
07015 Ciutadella de Menorca;16160;11311;4849;2844;2005;10
07016 Consell;1922;1429;493;304;189;1
07020 Esporles;2263;1832;431;270;161;0
07022 Felanitx;10839;6985;3854;1884;1970;3
07023 Ferreries;2219;1717;502;230;272;1
07024 Formentera;7274;3936;3338;1333;2005;9
07026 Eivissa;22889;19523;3366;1434;1932;4
07027 Inca;14313;11286;3027;327;2700;5
07029 Lloseta;2819;2257;562;136;426;0
07030 Llubí;1472;845;627;197;430;0
07031 Llucmajor;19969;13964;6005;2836;3169;2
07032 Maó;13613;11051;2562;1390;1172;7
07033 Manacor;23766;15154;8612;4950;3662;3
07035 Maria de la Salut;1250;939;311;156;155;0
07036 Marratxí;12623;11793;830;415;415;4
07037 Mercadal, Es;5481;2209;3272;3080;192;1
07038 Montuïri;1620;1113;507;157;350;0
07039 Muro;4234;2722;1512;766;746;1
07040 Palma;182186;159316;22870;6521;16349;58
07041 Petra;1553;1129;424;10;414;0
07042 Pollença;12301;6251;6050;4130;1920;3
07043 Porreres;2566;2141;425;78;347;1
07044 Pobla, Sa;6017;4603;1414;353;1061;1
07046 Sant Antoni de Portmany;10908;8489;2419;956;1463;0
07047 Sencelles;2186;1217;969;459;510;2
07048 Sant Josep de sa Talaia;16548;9372;7176;4515;2661;0
07049 Sant Joan;1106;827;279;72;207;1
07050 Sant Joan de Labritja;3705;2151;1554;1338;216;0
07051 Sant Llorenç des Cardassar;4981;3369;1612;1215;397;0
07052 Sant Lluís;4462;3051;1411;1310;101;0
07054 Santa Eulària des Riu;20225;13436;6789;4757;2032;2
07055 Santa Margalida;8040;4607;3433;2115;1318;1
07056 Santa María del Camí;3090;2491;599;220;379;2
07057 Santanyí;9701;5343;4358;3453;905;6
07058 Selva;2282;1389;893;493;400;0
07059 Salines, Ses;2933;2101;832;798;34;6
07060 Sineu;2166;1371;795;84;711;2
07061 Sóller;7298;5245;2053;1482;571;6
07062 Son Servera;6308;4546;1762;492;1270;1
07064 Castell, Es;4382;3285;1097;664;433;0
07065 Vilafranca de Bonany;1441;1082;359;95;264;0
08001 Abrera;5222;4450;772;503;269;1
08003 Alella;3872;3324;548;178;370;7
08005 Ametlla del Vallès, L';3386;2726;660;452;208;3
08006 Arenys de Mar;8475;5995;2480;1128;1352;9
08007 Arenys de Munt;4332;3192;1140;242;898;9
08009 Argentona;5411;4102;1309;549;760;4
08010 Artés;2635;2093;542;45;497;2
08011 Avià;1176;862;314;67;247;0
08012 Avinyó;1128;873;255;45;210;1
08014 Aiguafreda;1338;930;408;18;390;2
08015 Badalona;92873;81793;11080;2199;8881;21
08016 Bagà;1762;988;774;552;222;1
08017 Balenyà;1692;1392;300;109;191;0
08018 Balsareny;1749;1374;375;42;333;1
08019 Barcelona;811106;684078;127028;38769;88259;414
08020 Begues;2906;2263;643;382;261;1
08022 Berga;9120;7038;2082;551;1531;7
08023 Bigues i Riells del Fai;4391;3218;1173;1026;147;0
08025 Bruc, El;1068;729;339;28;311;0
08029 Cabrera de Mar;2264;1606;658;441;217;0
08030 Cabrils;3087;2423;664;371;293;2
08031 Calaf;1793;1431;362;62;300;0
08032 Caldes d'Estrac;1940;1226;714;485;229;3
08033 Caldes de Montbui;7437;6507;930;563;367;6
08035 Calella;10615;7519;3096;1559;1537;5
08037 Calldetenes;943;917;26;4;22;1
08040 Canet de Mar;7720;5613;2107;1307;800;5
08041 Canovelles;6343;5584;759;191;568;2
08042 Cànoves i Samalús;1403;1042;361;163;198;0
08043 Canyelles;2394;1528;866;781;85;0
08044 Capellades;2584;2123;461;130;331;1
08046 Cardedeu;7613;6490;1123;371;752;3
08047 Cardona;2611;1963;648;95;553;8
08051 Castellar del Vallès;9956;8261;1695;505;1190;5
08053 Castellbell i el Vilar;2101;1339;762;491;271;1
08054 Castellbisbal;5247;4254;993;823;170;0
08056 Castelldefels;32214;23397;8817;4523;4294;35
08058 Castellet i la Gornal;1310;857;453;366;87;0
08064 Castellterçol;1615;937;678;557;121;3
08067 Centelles;3249;2960;289;50;239;2
08068 Cervelló;3984;3117;867;553;314;5
08069 Collbató;2195;1469;726;593;133;2
08072 Corbera de Llobregat;6722;5067;1655;1215;440;9
08073 Cornellà de Llobregat;36662;33424;3238;550;2688;14
08074 Cubelles;10600;5803;4797;3076;1721;1
08075 Dosrius;2255;1954;301;196;105;1
08076 Esparreguera;10489;8495;1994;834;1160;1
08077 Esplugues de Llobregat;19453;17529;1924;625;1299;15
08083 Folgueroles;934;781;153;89;64;0
08086 Franqueses del Vallès, Les;7676;7240;436;61;375;3
08088 Garriga, La;6988;6052;936;189;747;6
08089 Gavà;21428;17675;3753;2028;1725;5
08091 Gelida;3905;2825;1080;393;687;3
08092 Gironella;2845;2110;735;208;527;1
08094 Granada, La;965;816;149;55;94;0
08096 Granollers;26125;22831;3294;685;2609;9
08098 Sant Salvador de Guardiola;1546;1056;490;378;112;2
08100 Gurb;792;757;35;15;20;0
08101 Hospitalet de Llobregat, L';112065;102031;10034;1429;8605;39
08102 Igualada;20036;15688;4348;546;3802;13
08105 Llagosta, La;5697;5222;475;51;424;0
08106 Llinars del Vallès;4352;3374;978;308;670;3
08107 Lliçà d'Amunt;6596;4935;1661;1311;350;1
08108 Lliçà de Vall;2699;2166;533;367;166;0
08110 Malgrat de Mar;10184;6969;3215;2106;1109;6
08112 Manlleu;8770;7353;1417;314;1103;2
08113 Manresa;39605;29072;10533;1099;9434;31
08114 Martorell;10715;9987;728;128;600;8
08115 Martorelles;2182;1854;328;63;265;1
08117 Masies de Voltregà, Les;1330;1138;192;42;150;0
08118 Masnou, El;10366;8837;1529;908;621;5
08119 Masquefa;4424;3133;1291;138;1153;0
08120 Matadepera;3333;2796;537;317;220;2
08121 Mataró;54310;47081;7229;1272;5957;19
08122 Mediona;1935;886;1049;862;187;1
08123 Molins de Rei;11428;9672;1756;627;1129;2
08124 Mollet del Vallès;22442;19307;3135;306;2829;2
08125 Montcada i Reixac;15910;13007;2903;366;2537;4
08126 Montgat;4731;4351;380;92;288;2
08127 Monistrol de Montserrat;1621;1278;343;90;253;1
08135 Montmeló;3592;3252;340;87;253;8
08136 Montornès del Vallès;6645;5895;750;194;556;1
08138 Moià;3452;2144;1308;513;795;5
08140 Navarcles;3047;2362;685;153;532;1
08141 Navàs;3299;2371;928;154;774;1
08143 Òdena;1630;1292;338;82;256;0
08145 Olèrdola;1701;1300;401;280;121;0
08147 Olesa de Montserrat;10312;9093;1219;283;936;6
08148 Olivella;1967;1445;522;426;96;1
08155 Palafolls;4238;3438;800;315;485;2
08156 Palau-solità i Plegamans;5797;4897;900;379;521;1
08157 Pallejà;4794;4147;647;332;315;7
08158 Papiol, El;1828;1470;358;155;203;0
08159 Parets del Vallès;7549;6888;661;244;417;0
08161 Piera;10124;5368;4756;3187;1569;9
08162 Hostalets de Pierola, Els;1492;1092;400;142;258;0
08163 Pineda de Mar;16355;10390;5965;4541;1424;5
08165 Pobla de Claramunt, La;1104;816;288;10;278;0
08167 Polinyà;3212;3002;210;0;210;1
08169 Prat de Llobregat, El;27081;24253;2828;531;2297;6
08171 Prats de Lluçanès;1372;972;400;173;227;1
08172 Premià de Mar;13088;10891;2197;1132;1065;3
08175 Puig-reig;2421;1678;743;104;639;2
08180 Ripollet;15049;14033;1016;86;930;3
08181 Roca del Vallès, La;4200;3622;578;136;442;7
08182 Pont de Vilomara i Rocafort, El;1899;1381;518;269;249;0
08183 Roda de Ter;2569;2266;303;65;238;1
08184 Rubí;33039;28114;4925;1751;3174;7
08187 Sabadell;93203;81596;11607;1423;10184;34
08191 Sallent;3841;2718;1123;280;843;2
08192 Santpedor;3161;2663;498;125;373;4
08194 Sant Adrià de Besòs;14692;13034;1658;96;1562;4
08196 Sant Andreu de la Barca;10301;9977;324;86;238;4
08197 Sant Andreu de Llavaneres;5796;3785;2011;1148;863;4
08198 Sant Antoni de Vilamajor;2772;2084;688;213;475;3
08200 Sant Boi de Llobregat;34508;30582;3926;631;3295;11
08202 Sant Celoni;7594;6474;1120;468;652;1
08203 Sant Cebrià de Vallalta;2028;1296;732;382;350;0
08204 Sant Climent de Llobregat;1632;1364;268;35;233;1
08205 Sant Cugat del Vallès;33336;29641;3695;1431;2264;23
08207 Sant Esteve de Palautordera;1392;939;453;162;291;0
08208 Sant Esteve Sesrovires;3386;2232;1154;864;290;3
08209 Sant Fost de Campsentelles;3302;2926;376;181;195;7
08210 Sant Feliu de Codines;3185;2533;652;131;521;2
08211 Sant Feliu de Llobregat;18458;16329;2129;349;1780;9
08213 Sant Fruitós de Bages;3960;3088;872;48;824;1
08214 Vilassar de Dalt;4044;3440;604;313;291;2
08215 Sant Hipòlit de Voltregà;1607;1362;245;50;195;1
08217 Sant Joan Despí;13518;12237;1281;153;1128;3
08218 Sant Joan de Vilatorrada;4804;4119;685;119;566;2
08219 Vilassar de Mar;9895;7666;2229;1129;1100;9
08220 Sant Julià de Vilatorta;1406;1060;346;153;193;0
08221 Sant Just Desvern;7502;5851;1651;154;1497;5
08222 Sant Llorenç d'Hortons;1248;946;302;265;37;1
08223 Sant Llorenç Savall;1344;923;421;258;163;1
08227 Sant Martí Sarroca;1280;1178;102;42;60;0
08230 Premià de Dalt;4162;3755;407;204;203;0
08231 Sant Pere de Ribes;13700;11051;2649;1471;1178;3
08232 Sant Pere de Riudebitlles;1153;925;228;103;125;0
08233 Sant Pere de Torelló;1141;992;149;53;96;0
08234 Sant Pere de Vilamajor;2227;1564;663;545;118;0
08235 Sant Pol de Mar;3697;1986;1711;1449;262;1
08236 Sant Quintí de Mediona;1307;841;466;264;202;0
08237 Sant Quirze de Besora;1214;909;305;90;215;1
08238 Sant Quirze del Vallès;7479;6809;670;358;312;5
08240 Sant Sadurní d'Anoia;5581;4782;799;253;546;1
08244 Santa Coloma de Cervelló;3032;2738;294;150;144;1
08245 Santa Coloma de Gramenet;48515;45646;2869;498;2371;12
08246 Santa Eugènia de Berga;881;839;42;21;21;0
08248 Santa Eulàlia de Ronçana;3162;2437;725;569;156;2
08250 Santa Margarida de Montbui;4448;3657;791;126;665;0
08251 Santa Margarida i els Monjos;3136;2651;485;112;373;1
08252 Barberà del Vallès;13233;12147;1086;180;906;1
08254 Esquirol, L';1168;824;344;264;80;2
08259 Santa Maria de Palautordera;4176;3376;800;502;298;0
08260 Santa Perpètua de Mogoda;9845;9255;590;198;392;3
08261 Santa Susanna;1978;1225;753;602;151;0
08262 Sant Vicenç de Castellet;4696;3646;1050;258;792;8
08263 Sant Vicenç dels Horts;12037;9869;2168;970;1198;5
08264 Sant Vicenç de Montalt;3549;2079;1470;1318;152;6
08265 Sant Vicenç de Torelló;962;791;171;68;103;0
08266 Cerdanyola del Vallès;25300;21316;3984;435;3549;21
08267 Sentmenat;3671;3247;424;214;210;1
08269 Seva;1784;1282;502;371;131;1
08270 Sitges;19155;12240;6915;4466;2449;3
08273 Subirats;1691;1089;602;387;215;3
08274 Súria;3178;2400;778;274;504;1
08278 Taradell;2791;2257;534;279;255;3
08279 Terrassa;101701;83249;18452;2544;15908;38
08281 Teià;2478;2164;314;185;129;1
08282 Tiana;3096;2887;209;35;174;4
08283 Tona;3599;3048;551;185;366;3
08284 Tordera;8459;6275;2184;814;1370;9
08285 Torelló;6603;5363;1240;293;947;1
08286 Torre de Claramunt, La;1791;1375;416;119;297;2
08288 Torrelles de Foix;1804;983;821;583;238;1
08289 Torrelles de Llobregat;2533;2057;476;476;0;2
08291 Vacarisses;3941;2259;1682;1312;370;3
08294 Vallgorguina;1320;995;325;86;239;0
08295 Vallirana;6872;5100;1772;1113;659;6
08296 Vallromanes;1133;896;237;136;101;0
08298 Vic;19154;15744;3410;723;2687;17
08300 Viladecavalls;2881;2451;430;187;243;1
08301 Viladecans;27616;24231;3385;671;2714;9
08302 Vilanova del Camí;5578;4495;1083;218;865;1
08305 Vilafranca del Penedès;19067;15138;3929;820;3109;16
08307 Vilanova i la Geltrú;32750;26586;6164;2816;3348;16
08902 Vilanova del Vallès;2090;1789;301;205;96;1
08904 Badia del Vallès;5679;5277;402;51;351;0
08905 Palma de Cervelló, La;1287;1087;200;88;112;1
09018 Aranda de Duero;18813;13249;5564;2240;3324;7
09048 Belorado;1903;884;1019;834;185;2
09056 Briviesca;5244;3037;2207;1304;903;3
09059 Burgos;92076;71076;21000;6893;14107;65
09194 Lerma;2164;1112;1052;600;452;4
09209 Medina de Pomar;8428;2471;5957;4692;1265;3
09219 Miranda de Ebro;20879;15767;5112;952;4160;6
09321 Roa;1524;996;528;236;292;1
09330 Salas de los Infantes;1384;897;487;232;255;4
09410 Valle de Mena;3526;1605;1921;1651;270;3
09903 Villarcayo de Merindad de Castilla la Vieja;5725;1972;3753;3217;536;2
10010 Alcuéscar;1814;1131;683;291;392;2
10014 Aldeanueva de la Vera;2260;912;1348;1254;94;0
10018 Aliseda;1588;807;781;542;239;1
10021 Arroyo de la Luz;3761;2272;1489;705;784;1
10032 Brozas;1582;815;767;514;253;2
10035 Cabezuela del Valle;1526;909;617;444;173;0
10037 Cáceres;50293;37048;13245;5989;7256;18
10049 Casar de Cáceres;2826;1736;1090;469;621;2
10061 Ceclavín;1552;809;743;600;143;0
10067 Coria;7453;5322;2131;1024;1107;6
10082 Garrovillas de Alconétar;1913;891;1022;861;161;2
10087 Guadalupe;1855;853;1002;639;363;0
10096 Hervás;3044;1625;1419;1131;288;1
10104 Jaraíz de la Vera;4057;2524;1533;802;731;3
10105 Jarandilla de la Vera;2231;1261;970;471;499;2
10109 Logrosán;1920;842;1078;624;454;1
10110 Losar de la Vera;2158;1154;1004;784;220;4
10113 Madroñera;2089;1122;967;833;134;0
10115 Malpartida de Cáceres;2677;1639;1038;561;477;1
10116 Malpartida de Plasencia;2541;1836;705;240;465;2
10121 Miajadas;5247;3864;1383;730;653;2
10127 Montehermoso;3300;2208;1092;675;417;0
10128 Moraleja;4560;2974;1586;908;678;4
10130 Navaconcejo;1288;854;434;77;357;0
10131 Navalmoral de la Mata;8593;6633;1960;955;1005;2
10148 Plasencia;22418;15671;6747;1839;4908;15
10177 Sierra de Fuentes;1280;789;491;232;259;1
10180 Talayuela;3373;3289;84;43;41;1
10189 Torrejoncillo;2188;1379;809;572;237;1
10195 Trujillo;5371;3505;1866;756;1110;10
10203 Valencia de Alcántara;3857;2430;1427;977;450;2
10205 Valverde del Fresno;1737;1073;664;364;300;1
10212 Villanueva de la Vera;1967;895;1072;721;351;1
11001 Alcalá de los Gazules;3488;2105;1383;556;827;1
11002 Alcalá del Valle;2363;1832;531;150;381;0
11004 Algeciras;54078;42692;11386;4700;6686;11
11005 Algodonales;3360;2250;1110;338;772;1
11006 Arcos de la Frontera;15185;10827;4358;1615;2743;4
11007 Barbate;12874;7896;4978;2400;2578;5
11008 Barrios, Los;9883;7773;2110;979;1131;5
11010 Bornos;3592;2958;634;307;327;0
11011 Bosque, El;1228;779;449;359;90;0
11012 Cádiz;59186;46966;12220;5346;6874;17
11013 Castellar de la Frontera;1320;1123;197;80;117;0
11014 Conil de la Frontera;14533;7426;7107;4466;2641;2
11015 Chiclana de la Frontera;43247;28123;15124;10528;4596;6
11016 Chipiona;16439;6357;10082;7935;2147;1
11017 Espera;1906;1500;406;111;295;0
11019 Grazalema;1439;896;543;356;187;0
11020 Jerez de la Frontera;92015;77378;14637;4424;10213;23
11021 Jimena de la Frontera;4857;3715;1142;435;707;0
11022 Línea de la Concepción, La;28722;23704;5018;1819;3199;15
11023 Medina Sidonia;5682;4055;1627;767;860;4
11024 Olvera;4162;3087;1075;467;608;3
11025 Paterna de Rivera;2624;2046;578;182;396;0
11026 Prado del Rey;2899;2299;600;204;396;0
11027 Puerto de Santa María, El;47518;31409;16109;11700;4409;22
11028 Puerto Real;17761;15078;2683;1440;1243;6
11029 Puerto Serrano;3051;2592;459;153;306;1
11030 Rota;26030;10577;15453;13245;2208;5
11031 San Fernando;41515;33921;7594;2349;5245;12
11032 Sanlúcar de Barrameda;31843;23304;8539;5144;3395;7
11033 San Roque;17007;10658;6349;2971;3378;6
11034 Setenil de las Bodegas;1763;1103;660;128;532;1
11035 Tarifa;12097;6578;5519;4507;1012;7
11037 Trebujena;3214;2574;640;61;579;0
11038 Ubrique;8575;6343;2232;738;1494;1
11039 Vejer de la Frontera;6694;4552;2142;1313;829;4
11041 Villamartín;6280;4467;1813;896;917;1
11901 Benalup-Casas Viejas;3445;2561;884;137;747;0
11902 San José del Valle;2580;1705;875;405;470;0
12004 Alcalà de Xivert;10735;3294;7441;4053;3388;6
12005 Alcora, l';6291;4143;2148;779;1369;1
12009 Almassora;15194;10208;4986;2252;2734;2
12011 Almenara;5284;2482;2802;1474;1328;0
12012 Altura;2869;1463;1406;826;580;0
12021 Betxí;3149;2302;847;234;613;0
12027 Benicarló;17141;10224;6917;2752;4165;5
12028 Benicàssim/Benicasim;20939;7187;13752;13091;661;4
12031 Borriol;3404;1835;1569;869;700;1
12032 Borriana/Burriana;19797;13080;6717;3075;3642;4
12033 Cabanes;2820;1230;1590;565;1025;2
12034 Càlig;1507;835;672;202;470;1
12040 Castelló de la Plana;90976;68917;22059;8363;13696;14
12053 Chilches/Xilxes;3739;1172;2567;882;1685;1
12077 Moncofa;11899;2607;9292;6651;2641;1
12080 Morella;2257;993;1264;1049;215;1
12082 Nules;8858;5284;3574;2139;1435;3
12084 Onda;13237;9537;3700;1260;2440;2
12085 Orpesa/Oropesa del Mar;20776;4366;16410;7847;8563;1
12089 Peníscola/Peñíscola;16802;3244;13558;8396;5162;8
12100 Sant Mateu;1482;830;652;298;354;1
12104 Segorbe;5945;3713;2232;1294;938;3
12117 Torreblanca;5796;2289;3507;2527;980;1
12124 Vall d'Alba;1713;1168;545;165;380;0
12126 Vall d'Uixó, la;16140;12633;3507;455;3052;2
12129 Vilafranca/Villafranca del Cid;1865;970;895;637;258;0
12135 Vila-real;25412;19043;6369;1837;4532;6
12136 Vilavella, la;1747;1275;472;86;386;0
12138 Vinaròs;19819;11276;8543;5046;3497;3
12901 Alqueries, les/Alquerías del Niño Perdido;2166;1726;440;116;324;1
12902 Sant Joan de Moró;1802;1187;615;301;314;0
13005 Alcázar de San Juan;15085;12010;3075;1136;1939;7
13011 Almadén;4270;2335;1935;1034;901;5
13013 Almagro;4680;3038;1642;456;1186;5
13015 Almodóvar del Campo;4041;2596;1445;822;623;1
13019 Argamasilla de Alba;4024;2650;1374;685;689;4
13020 Argamasilla de Calatrava;3359;2369;990;378;612;1
13023 Bolaños de Calatrava;5096;4168;928;498;430;1
13027 Calzada de Calatrava;3031;1631;1400;1059;341;5
13028 Campo de Criptana;7019;5241;1778;487;1291;2
13031 Carrión de Calatrava;1558;1080;478;127;351;0
13033 Castellar de Santiago;1546;775;771;605;166;0
13034 Ciudad Real;38005;29682;8323;3070;5253;13
13038 Chillón;1447;812;635;466;169;2
13039 Daimiel;9690;6777;2913;1068;1845;8
13044 Fuente el Fresno;1387;1251;136;65;71;0
13047 Herencia;4283;3085;1198;372;826;2
13052 Malagón;5091;3231;1860;1322;538;5
13053 Manzanares;9714;7268;2446;856;1590;14
13054 Membrilla;3173;2128;1045;481;564;0
13056 Miguelturra;7573;5204;2369;639;1730;4
13058 Moral de Calatrava;3436;2070;1366;850;516;1
13061 Pedro Muñoz;4232;3072;1160;368;792;1
13063 Piedrabuena;2676;1581;1095;652;443;2
13064 Poblete;1263;797;466;121;345;0
13065 Porzuna;2771;1538;1233;995;238;1
13066 Pozuelo de Calatrava;1782;1213;569;172;397;4
13071 Puertollano;25862;20495;5367;1364;4003;4
13077 Santa Cruz de Mudela;2703;1798;905;390;515;1
13078 Socuéllamos;6905;5155;1750;530;1220;4
13079 Solana, La;7440;5460;1980;483;1497;6
13082 Tomelloso;18439;13655;4784;1015;3769;7
13083 Torralba de Calatrava;1991;1192;799;513;286;1
13085 Torrenueva;1894;1157;737;484;253;1
13087 Valdepeñas;15952;11257;4695;1787;2908;7
13089 Villahermosa;2016;855;1161;928;233;1
13092 Villanueva de la Fuente;1783;916;867;305;562;1
13093 Villanueva de los Infantes;3305;2138;1167;680;487;4
13096 Villarrubia de los Ojos;5153;3946;1207;371;836;3
13097 Villarta de San Juan;1505;1084;421;183;238;1
13098 Viso del Marqués;1888;1167;721;438;283;1
14001 Adamuz;2000;1464;536;329;207;0
14002 Aguilar de la Frontera;6725;5145;1580;459;1121;1
14004 Almedinilla;1251;990;261;101;160;1
14005 Almodóvar del Río;3754;2880;874;572;302;1
14007 Baena;9589;7430;2159;845;1314;6
14008 Belalcázar;2165;1318;847;553;294;1
14009 Belmez;1964;1177;787;316;471;1
14010 Benamejí;2785;1843;942;398;544;1
14012 Bujalance;3987;2714;1273;484;789;3
14013 Cabra;10120;7939;2181;948;1233;11
14014 Cañete de las Torres;1668;1221;447;65;382;1
14015 Carcabuey;1483;1015;468;170;298;2
14017 Carlota, La;7087;5138;1949;986;963;1
14018 Carpio, El;2231;1641;590;296;294;0
14019 Castro del Río;3682;2803;879;406;473;2
14021 Córdoba;152718;121823;30895;13280;17615;54
14022 Doña Mencía;2254;1790;464;193;271;0
14023 Dos Torres;1651;962;689;531;158;1
14024 Encinas Reales;1289;908;381;223;158;0
14025 Espejo;2004;1322;682;243;439;0
14026 Espiel;1689;875;814;593;221;1
14027 Fernán-Núñez;4879;3453;1426;441;985;0
14029 Fuente Obejuna;3423;1851;1572;1165;407;1
14030 Fuente Palmera;5202;4111;1091;354;737;0
14035 Hinojosa del Duque;4770;2622;2148;883;1265;3
14036 Hornachuelos;2608;1783;825;516;309;2
14037 Iznájar;2994;1800;1194;421;773;1
14038 Lucena;19898;15039;4859;1150;3709;5
14039 Luque;2029;1324;705;473;232;1
14040 Montalbán de Córdoba;2067;1692;375;139;236;0
14041 Montemayor;1897;1499;398;194;204;0
14042 Montilla;11137;8792;2345;1084;1261;4
14043 Montoro;4926;3471;1455;797;658;3
14045 Moriles;1976;1446;530;216;314;0
14046 Nueva Carteya;2688;2073;615;164;451;0
14047 Obejo;1035;737;298;222;76;0
14049 Palma del Río;9444;7721;1723;719;1004;2
14050 Pedro Abad;1527;1097;430;337;93;1
14052 Peñarroya-Pueblonuevo;6263;4109;2154;716;1438;2
14053 Posadas;3644;2884;760;408;352;1
14054 Pozoblanco;9356;6564;2792;890;1902;5
14055 Priego de Córdoba;12542;9064;3478;1518;1960;5
14056 Puente Genil;14702;10816;3886;1141;2745;3
14057 Rambla, La;3649;2776;873;268;605;2
14058 Rute;5662;4042;1620;575;1045;3
14060 Santaella;2889;2160;729;240;489;1
14065 Victoria, La;1209;914;295;104;191;0
14066 Villa del Río;3178;2672;506;216;290;0
14067 Villafranca de Córdoba;2155;1706;449;187;262;1
14069 Villanueva de Córdoba;5229;3572;1657;818;839;4
14073 Villaviciosa de Córdoba;2242;1415;827;604;223;1
14074 Viso, El;1943;1112;831;371;460;1
15001 Abegondo;3085;1936;1149;704;445;0
15002 Ames;16138;11377;4761;1017;3744;0
15003 Aranga;1110;697;413;302;111;0
15004 Ares;5178;2252;2926;1477;1449;0
15005 Arteixo;17657;11930;5727;1809;3918;1
15006 Arzúa;3614;2270;1344;658;686;1
15007 Baña, A;1984;1213;771;609;162;0
15008 Bergondo;4015;2482;1533;1115;418;2
15009 Betanzos;7875;5258;2617;631;1986;4
15010 Boimorto;1241;776;465;389;76;1
15011 Boiro;10258;6604;3654;1092;2562;0
15012 Boqueixón;1753;1426;327;122;205;0
15013 Brión;3659;2629;1030;356;674;0
15014 Cabana de Bergantiños;2381;1549;832;415;417;0
15015 Cabanas;2395;1244;1151;882;269;1
15016 Camariñas;4205;2351;1854;465;1389;0
15017 Cambre;12830;9185;3645;1609;2036;1
15019 Carballo;16579;11407;5172;1498;3674;3
15020 Carnota;3391;1657;1734;572;1162;5
15021 Carral;3615;2365;1250;582;668;6
15022 Cedeira;5334;2648;2686;874;1812;2
15023 Cee;5192;2799;2393;822;1571;0
15024 Cerceda;2877;1837;1040;504;536;0
15026 Cesuras;1402;558;844;459;385;0
15029 Coristanco;3175;2413;762;408;354;0
15030 Coruña, A;135411;105584;29827;10544;19283;40
15031 Culleredo;15547;11443;4104;1000;3104;2
15032 Curtis;2871;1546;1325;717;608;1
15033 Dodro;1026;1014;12;5;7;0
15034 Dumbría;1068;1038;30;10;20;0
15035 Fene;7380;5452;1928;485;1443;1
15036 Ferrol;42063;30372;11691;3373;8318;19
15037 Fisterra;3766;1744;2022;1245;777;1
15038 Frades;1161;860;301;178;123;0
15040 Laxe;2802;1255;1547;1074;473;0
15041 Laracha, A;6104;4316;1788;794;994;0
15042 Lousame;1479;1098;381;122;259;0
15043 Malpica de Bergantiños;4807;2181;2626;1004;1622;0
15045 Mazaricos;1763;1391;372;186;186;2
15046 Melide;5950;2845;3105;1572;1533;1
15047 Mesía;1466;978;488;294;194;0
15048 Miño;5667;2298;3369;2028;1341;0
15050 Monfero;1108;709;399;229;170;2
15051 Mugardos;3272;2282;990;190;800;0
15052 Muxía;2951;1791;1160;637;523;0
15053 Muros;5662;3387;2275;1093;1182;0
15054 Narón;20060;15491;4569;1385;3184;2
15055 Neda;2658;2232;426;129;297;0
15056 Negreira;3880;2601;1279;471;808;0
15057 Noia;8303;5485;2818;1591;1227;3
15058 Oleiros;18651;13044;5607;2913;2694;7
15059 Ordes;7043;4383;2660;811;1849;1
15060 Oroso;3606;2596;1010;233;777;1
15061 Ortigueira;5353;2718;2635;1029;1606;6
15062 Outes;3824;2451;1373;570;803;2
15063 Oza dos Ríos;2043;1319;724;499;225;0
15064 Paderne;1166;923;243;121;122;0
15065 Padrón;4608;3130;1478;488;990;0
15066 Pino, O;2794;1654;1140;552;588;5
15067 Pobra do Caramiñal, A;5499;3569;1930;611;1319;3
15068 Ponteceso;3446;2311;1135;500;635;0
15069 Pontedeume;5080;3110;1970;1119;851;3
15070 Pontes de García Rodríguez, As;6088;4282;1806;977;829;1
15071 Porto do Son;6416;3338;3078;1858;1220;5
15072 Rianxo;5532;3841;1691;756;935;0
15073 Ribeira;16249;9476;6773;3013;3760;2
15074 Rois;1858;1532;326;184;142;0
15075 Sada;9803;5748;4055;1390;2665;2
15076 San Sadurniño;1925;1120;805;258;547;0
15077 Santa Comba;5481;3353;2128;551;1577;0
15078 Santiago de Compostela;56176;37111;19065;9553;9512;26
15080 Sobrado;1367;730;637;444;193;1
15082 Teo;8480;6400;2080;1074;1006;7
15084 Tordoia;1465;1179;286;129;157;0
15085 Touro;1865;1295;570;455;115;1
15086 Trazo;1271;1040;231;184;47;0
15087 Valdoviño;5283;2590;2693;1927;766;0
15088 Val do Dubra;2068;1532;536;190;346;1
15089 Vedra;2061;1618;443;214;229;0
15092 Vimianzo;3956;2698;1258;348;910;4
15093 Zas;2498;1682;816;331;485;0
15901 Cariño;3372;1845;1527;442;1085;0
16033 Belmonte;1617;863;754;470;284;2
16066 Casasimarro;1987;1175;812;623;189;1
16078 Cuenca;30933;21473;9460;4594;4866;25
16106 Horcajo de Santiago;2429;1426;1003;376;627;1
16113 Iniesta;2430;1656;774;596;178;2
16124 Mesas, Las;1442;1039;403;197;206;1
16125 Minglanilla;1400;941;459;302;157;1
16133 Mota del Cuervo;3229;2356;873;469;404;1
16134 Motilla del Palancar;3345;2343;1002;522;480;2
16154 Pedroñeras, Las;3351;2511;840;179;661;1
16171 Provencio, El;1661;1094;567;150;417;3
16175 Quintanar del Rey;3456;2572;884;218;666;1
16190 San Clemente;3744;2685;1059;466;593;4
16203 Tarancón;7957;5575;2382;671;1711;2
16249 Villamayor de Santiago;2065;1055;1010;758;252;1
16251 Villanueva de la Jara;1490;810;680;401;279;1
17007 Amer;1327;949;378;181;197;0
17008 Anglès;2524;2152;372;59;313;0
17009 Arbúcies;3239;2503;736;260;476;1
17013 Begur;5225;1680;3545;3327;218;7
17015 Banyoles;9596;7003;2593;362;2231;13
17019 Besalú;1217;967;250;44;206;11
17020 Bescanó;2211;1652;559;363;196;1
17022 Bisbal d'Empordà, La;5105;4129;976;315;661;2
17023 Blanes;25257;15957;9300;7062;2238;6
17027 Breda;1774;1461;313;200;113;0
17032 Cadaqués;3475;1131;2344;2131;213;6
17033 Caldes de Malavella;3543;2619;924;637;287;2
17034 Calonge i Sant Antoni;12711;4167;8544;6475;2069;2
17036 Campdevànol;1762;1393;369;197;172;1
17039 Camprodon;2799;1083;1716;1160;556;7
17044 Cassà de la Selva;4642;3828;814;234;580;10
17047 Castelló d'Empúries;16412;4523;11889;11045;844;2
17048 Castell-Platja d'Aro;15239;4542;10697;10038;659;2
17049 Celrà;2036;1791;245;28;217;1
17056 Cornellà del Terri;932;747;185;69;116;1
17062 Escala, L';14994;4072;10922;9929;993;17
17066 Figueres;20941;17597;3344;769;2575;13
17073 Fornells de la Selva;912;828;84;7;77;1
17079 Girona;47446;38245;9201;2474;6727;40
17083 Hostalric;2175;1612;563;101;462;0
17086 Jonquera, La;1314;1222;92;15;77;9
17089 Llagostera;4452;3104;1348;845;503;2
17092 Llançà;8924;2063;6861;6594;267;2
17095 Lloret de Mar;23530;15541;7989;4200;3789;5
17103 Maçanet de la Selva;3864;2660;1204;737;467;1
17114 Olot;16757;12810;3947;829;3118;14
17117 Palafrugell;17055;8349;8706;7179;1527;8
17118 Palamós;11994;7358;4636;3841;795;3
17124 Pals;4058;1043;3015;2632;383;0
17137 Porqueres;1655;1561;94;42;52;0
17141 Puigcerdà;5958;3296;2662;1803;859;1
17142 Quart;1299;1197;102;24;78;0
17146 Riells i Viabrea;2306;1458;848;672;176;0
17147 Ripoll;5923;4479;1444;221;1223;6
17148 Riudarenes;1211;767;444;341;103;0
17150 Riudellots de la Selva;807;696;111;90;21;0
17152 Roses;25712;7849;17863;15363;2500;2
17155 Salt;11237;10276;961;134;827;4
17160 Sant Feliu de Guíxols;15370;8383;6987;5320;1667;2
17163 Sant Gregori;1342;1100;242;75;167;3
17164 Sant Hilari Sacalm;3091;2303;788;352;436;1
17167 Sant Joan de les Abadesses;2401;1446;955;384;571;15
17169 Sant Julià de Ramis;1341;1232;109;33;76;0
17178 Sant Pere Pescador;1636;790;846;627;219;1
17180 Santa Coloma de Farners;5816;4700;1116;359;757;4
17181 Santa Cristina d'Aro;3639;2062;1577;1300;277;1
17185 Sant Joan les Fonts;1453;1242;211;59;152;1
17186 Sarrià de Ter;2099;1925;174;27;147;1
17189 Cellera de Ter, La;954;779;175;69;106;2
17193 Sils;2631;2126;505;348;157;1
17199 Torroella de Montgrí;11047;4404;6643;3749;2894;2
17202 Tossa de Mar;5926;2458;3468;3022;446;1
17207 Vall d'en Bas, La;1458;1042;416;222;194;0
17213 Vidreres;3809;2832;977;514;463;2
17215 Vilablareix;857;836;21;0;21;0
17221 Vilafant;1952;1844;108;22;86;1
17233 Vilobí d'Onyar;1315;1155;160;89;71;0
18003 Albolote;8780;6334;2446;1256;1190;2
18006 Albuñol;3576;2509;1067;670;397;2
18011 Alfacar;3037;2001;1036;378;658;0
18012 Algarinejo;1855;1396;459;298;161;1
18013 Alhama de Granada;3299;2346;953;277;676;4
18014 Alhendín;4638;2861;1777;334;1443;1
18017 Almuñécar;25822;10119;15703;13735;1968;2
18020 Arenas del Rey;1154;767;387;238;149;0
18021 Armilla;10493;8313;2180;571;1609;4
18022 Atarfe;9131;6084;3047;460;2587;1
18023 Baza;10695;7725;2970;1163;1807;6
18027 Benalúa;1772;1236;536;166;370;1
18029 Benamaurel;1533;1020;513;332;181;0
18036 Cájar;2333;1598;735;204;531;2
18039 Caniles;2457;1820;637;299;338;1
18046 Castril;1533;1008;525;426;99;0
18047 Cenes de la Vega;4135;2892;1243;495;748;0
18048 Cijuela;1770;1062;708;106;602;0
18050 Cogollos de la Vega;1193;738;455;123;332;1
18053 Cortes de Baza;1211;894;317;124;193;0
18056 Cúllar;2769;1769;1000;508;492;1
18057 Cúllar Vega;3056;2504;552;214;338;1
18059 Chauchina;2625;1874;751;234;517;1
18062 Churriana de la Vega;6841;4956;1885;574;1311;2
18066 Deifontes;1284;1032;252;173;79;0
18071 Dúrcal;3610;2598;1012;532;480;2
18079 Fuente Vaqueros;2199;1602;597;191;406;2
18084 Gójar;2390;1839;551;277;274;0
18087 Granada;139969;96916;43053;16029;27024;59
18088 Guadahortuna;1185;782;403;213;190;0
18089 Guadix;9798;7039;2759;877;1882;18
18093 Gualchos;3666;1679;1987;1531;456;1
18094 Güéjar Sierra;1777;1069;708;218;490;3
18095 Güevéjar;1176;902;274;154;120;0
18098 Huéscar;4972;3001;1971;1183;788;3
18100 Huétor Tájar;4841;3623;1218;134;1084;1
18101 Huétor Vega;5280;4211;1069;353;716;0
18102 Íllora;5200;4300;900;397;503;8
18105 Iznalloz;3796;2620;1176;544;632;3
18111 Jun;1475;1211;264;25;239;0
18115 Láchar;1936;1109;827;217;610;1
18116 Lanjarón;2517;1400;1117;542;575;3
18119 Lecrín;1434;885;549;198;351;0
18122 Loja;10877;7980;2897;792;2105;1
18127 Maracena;9390;8049;1341;272;1069;0
18132 Moclín;2733;1626;1107;586;521;0
18133 Molvízar;1392;1142;250;134;116;0
18134 Monachil;7416;2730;4686;2894;1792;0
18135 Montefrío;2602;2584;18;4;14;2
18136 Montejícar;1732;957;775;363;412;0
18138 Moraleda de Zafayona;1315;1222;93;31;62;0
18140 Motril;35761;20910;14851;10712;4139;9
18145 Ogíjares;6616;4696;1920;548;1372;2
18147 Órgiva;3311;2298;1013;559;454;1
18149 Villa de Otura;3509;2410;1099;512;587;1
18150 Padul;4958;2995;1963;595;1368;1
18153 Peligros;4519;3909;610;283;327;1
18158 Pinos Puente;6183;4818;1365;627;738;1
18164 Puebla de Don Fadrique;1986;977;1009;475;534;0
18165 Pulianas;2280;1845;435;83;352;0
18167 Purullena;1299;816;483;366;117;0
18171 Salar;1253;1089;164;72;92;0
18173 Salobreña;10472;4663;5809;4705;1104;2
18175 Santa Fe;7235;5650;1585;522;1063;2
18182 Ugíjar;1807;946;861;337;524;1
18184 Vélez de Benaudalla;1807;1032;775;214;561;0
18188 Villanueva Mesía;1038;808;230;37;193;0
18192 Zafarraya;1217;867;350;37;313;0
18193 Zubia, La;8852;6585;2267;261;2006;5
18194 Zújar;1663;1097;566;379;187;0
18905 Gabias, Las;10276;6868;3408;776;2632;2
18907 Valle del Zalabí;1390;987;403;176;227;0
18911 Vegas del Genil;4761;3469;1292;530;762;1
19024 Alovera;4500;4121;379;147;232;0
19046 Azuqueca de Henares;13051;12593;458;14;444;12
19053 Brihuega;3240;1065;2175;1783;392;6
19058 Cabanillas del Campo;4156;3261;895;410;485;1
19071 Casar, El;6296;4105;2191;1641;550;3
19086 Cifuentes;2296;823;1473;1353;120;3
19105 Chiloeches;1757;1210;547;293;254;0
19117 Fontanar;1158;892;266;124;142;2
19126 Galápagos;1345;834;511;346;165;0
19130 Guadalajara;40199;32538;7661;2263;5398;23
19143 Horche;1782;962;820;472;348;3
19171 Marchamalo;3415;2340;1075;249;826;0
19190 Molina de Aragón;2831;1380;1451;1118;333;3
19192 Mondéjar;1637;949;688;356;332;2
19220 Pioz;2369;1429;940;103;837;0
19257 Sigüenza;5117;1767;3350;2526;824;10
19280 Torrejón del Rey;3291;1766;1525;1155;370;0
19293 Uceda;2598;1072;1526;1338;188;1
19319 Villanueva de la Torre;2275;2057;218;17;201;1
19326 Yebes;2374;818;1556;132;1424;1
19331 Yunquera de Henares;2087;1398;689;254;435;2
20009 Andoain;6583;6130;453;201;252;1
20011 Antzuola;1033;848;185;107;78;0
20013 Aretxabaleta;3130;2840;290;103;187;2
20016 Aia;888;745;143;122;21;1
20017 Azkoitia;5166;4437;729;168;561;3
20018 Azpeitia;6661;5418;1243;143;1100;4
20019 Beasain;6114;5647;467;210;257;1
20027 Zestoa;1576;1353;223;60;163;2
20028 Zizurkil;1243;1038;205;59;146;3
20029 Deba;2913;2173;740;459;281;0
20030 Eibar;13108;11464;1644;90;1554;3
20032 Elgoibar;5242;4489;753;211;542;2
20034 Eskoriatza;1931;1545;386;155;231;1
20036 Hondarribia;8258;6315;1943;951;992;11
20039 Getaria;1305;997;308;231;77;7
20040 Hernani;8550;7627;923;200;723;2
20042 Ibarra;1818;1555;263;134;129;1
20043 Idiazabal;1065;935;130;52;78;1
20045 Irun;26822;24196;2626;640;1986;18
20049 Lazkao;2306;2036;270;135;135;2
20051 Legazpi;3940;3507;433;40;393;1
20053 Lezo;2550;2410;140;12;128;0
20055 Arrasate/Mondragón;9981;8728;1253;200;1053;5
20056 Mutriku;2697;1938;759;138;621;3
20059 Oñati;5208;4437;771;261;510;6
20061 Orio;2535;1989;546;151;395;0
20063 Oiartzun;3874;3550;324;20;304;1
20064 Pasaia;7519;6398;1121;65;1056;1
20065 Soraluze-Placencia de las Armas;1998;1638;360;150;210;1
20067 Errenteria;17534;16443;1091;249;842;4
20069 Donostia/San Sebastián;88327;79286;9041;3510;5531;63
20071 Tolosa;8590;7257;1333;426;907;6
20072 Urnieta;2619;2272;347;120;227;0
20073 Usurbil;2857;2243;614;333;281;1
20074 Bergara;6899;5962;937;340;597;3
20075 Villabona;2627;2272;355;45;310;1
20076 Ordizia;4318;3913;405;152;253;2
20077 Urretxu;2987;2747;240;101;139;1
20079 Zarautz;11480;8457;3023;2452;571;3
20080 Zumarraga;4565;4295;270;36;234;6
20081 Zumaia;4446;3550;896;466;430;2
20902 Lasarte-Oria;7172;7110;62;0;62;3
20903 Astigarraga;2206;1871;335;49;286;0
21002 Aljaraque;8728;6627;2101;921;1180;0
21005 Almonte;14195;7556;6639;5718;921;2
21006 Alosno;2341;1684;657;439;218;2
21007 Aracena;4809;2901;1908;770;1138;2
21008 Aroche;1866;1215;651;102;549;0
21010 Ayamonte;15877;7948;7929;5811;2118;2
21011 Beas;2479;1583;896;623;273;1
21013 Bollullos Par del Condado;6411;4935;1476;476;1000;0
21014 Bonares;2292;2040;252;36;216;0
21017 Calañas;2808;1667;1141;830;311;1
21018 Campillo, El;1295;847;448;188;260;2
21021 Cartaya;11967;7127;4840;3293;1547;0
21023 Cerro de Andévalo, El;1579;926;653;396;257;1
21025 Cortegana;2855;1735;1120;647;473;0
21030 Chucena;989;696;293;81;212;1
21032 Escacena del Campo;936;715;221;82;139;1
21035 Gibraleón;4882;4717;165;58;107;5
21040 Hinojos;1990;1463;527;198;329;0
21041 Huelva;67741;55255;12486;3979;8507;11
21042 Isla Cristina;18078;7280;10798;9589;1209;2
21043 Jabugo;1335;905;430;160;270;0
21044 Lepe;19266;8612;10654;9200;1454;1
21046 Lucena del Puerto;1067;1045;22;7;15;0
21047 Manzanilla;1142;901;241;90;151;0
21049 Minas de Riotinto;2277;1663;614;354;260;0
21050 Moguer;8068;7764;304;199;105;3
21052 Nerva;2929;2236;693;216;477;2
21053 Niebla;1908;1518;390;181;209;0
21054 Palma del Condado, La;4690;3627;1063;162;901;3
21055 Palos de la Frontera;4103;3206;897;498;399;1
21056 Paterna del Campo;1687;1362;325;151;174;0
21058 Puebla de Guzmán;1610;1162;448;244;204;0
21060 Punta Umbría;16450;5280;11170;10852;318;1
21061 Rociana del Condado;3138;2605;533;98;435;0
21063 San Bartolomé de la Torre;1703;1319;384;246;138;0
21064 San Juan del Puerto;3705;3023;682;124;558;1
21069 Santa Olalla del Cala;1294;865;429;260;169;0
21070 Trigueros;3344;2697;647;172;475;1
21072 Valverde del Camino;6754;4786;1968;1094;874;3
21073 Villablanca;1396;1057;339;138;201;0
21074 Villalba del Alcor;1662;1135;527;347;180;2
21076 Villanueva de los Castillejos;1592;1052;540;225;315;0
21077 Villarrasa;1065;815;250;75;175;0
21078 Zalamea la Real;2069;1310;759;548;211;2
22021 Almudévar;1477;933;544;295;249;2
22048 Barbastro;9067;7050;2017;733;1284;12
22054 Benasque;3349;938;2411;2271;140;9
22061 Binéfar;4548;3652;896;179;717;2
22112 Fraga;6272;5279;993;211;782;6
22117 Graus;2633;1466;1167;698;469;4
22125 Huesca;28284;20786;7498;2615;4883;26
22130 Jaca;16075;5295;10780;8498;2282;19
22158 Monzón;8612;6573;2039;617;1422;8
22199 Sabiñánigo;7069;4076;2993;1511;1482;10
22213 Sariñena;2495;1605;890;581;309;3
22225 Tamarite de Litera;1851;1346;505;229;276;2
22907 Aínsa-Sobrarbe;1190;863;327;243;84;6
23002 Alcalá la Real;12062;8682;3380;1515;1865;4
23003 Alcaudete;6013;4336;1677;790;887;1
23005 Andújar;18340;14432;3908;825;3083;7
23006 Arjona;2977;2188;789;434;355;1
23007 Arjonilla;2026;1432;594;324;270;1
23009 Baeza;8612;5695;2917;1347;1570;9
23010 Bailén;7911;6394;1517;237;1280;2
23011 Baños de la Encina;1771;989;782;550;232;0
23012 Beas de Segura;3583;2129;1454;623;831;4
23014 Begíjar;1651;1212;439;96;343;0
23017 Cabra del Santo Cristo;1271;759;512;415;97;0
23018 Cambil;1748;1039;709;580;129;2
23019 Campillo de Arenas;1017;794;223;87;136;1
23020 Canena;1014;775;239;82;157;0
23024 Carolina, La;7552;5629;1923;691;1232;3
23025 Castellar;1898;1421;477;62;415;0
23026 Castillo de Locubín;2660;1915;745;312;433;0
23028 Cazorla;4858;3154;1704;873;831;4
23034 Fuensanta de Martos;1635;1208;427;211;216;0
23038 Guardia de Jaén, La;1944;1393;551;396;155;1
23039 Guarromán;1290;988;302;124;178;0
23044 Huelma;3722;2220;1502;647;855;1
23045 Huesa;1270;970;300;182;118;0
23046 Ibros;1686;1117;569;272;297;0
23047 Iruela, La;1394;726;668;506;162;3
23049 Jabalquinto;1081;891;190;68;122;1
23050 Jaén;54628;43258;11370;4123;7247;13
23051 Jamilena;1825;1287;538;255;283;0
23053 Jódar;5848;4296;1552;460;1092;0
23055 Linares;29276;22338;6938;1335;5603;8
23056 Lopera;2037;1440;597;171;426;1
23058 Mancha Real;5595;4071;1524;446;1078;0
23059 Marmolejo;3407;2635;772;271;501;1
23060 Martos;12466;8973;3493;1004;2489;2
23061 Mengíbar;4702;3281;1421;137;1284;0
23063 Navas de San Juan;2827;1804;1023;252;771;0
23064 Noalejo;1166;815;351;142;209;0
23066 Peal de Becerro;2938;2164;774;267;507;0
23067 Pegalajar;1868;1198;670;520;150;0
23069 Porcuna;3765;2702;1063;451;612;1
23070 Pozo Alcón;2874;2089;785;261;524;1
23071 Puente de Génave;1356;865;491;331;160;0
23072 Puerta de Segura, La;1808;1003;805;397;408;2
23073 Quesada;3455;2391;1064;291;773;1
23074 Rus;1811;1308;503;80;423;1
23075 Sabiote;2496;1573;923;459;464;0
23079 Santisteban del Puerto;2761;1802;959;422;537;1
23080 Santo Tomé;1563;1107;456;157;299;0
23082 Siles;1707;950;757;557;200;1
23085 Torreblascopedro;1510;1036;474;61;413;0
23086 Torredelcampo;7267;5224;2043;415;1628;1
23087 Torredonjimeno;7163;5170;1993;207;1786;2
23088 Torreperogil;3959;2762;1197;521;676;2
23092 Úbeda;17886;12959;4927;1900;3027;5
23093 Valdepeñas de Jaén;2456;1556;900;530;370;0
23094 Vilches;2623;1837;786;111;675;1
23095 Villacarrillo;6430;4301;2129;1395;734;2
23096 Villanueva de la Reina;1695;1240;455;153;302;2
23097 Villanueva del Arzobispo;4537;3296;1241;738;503;3
23099 Villares, Los;3086;2060;1026;388;638;1
23902 Bedmar y Garcíez;1939;1248;691;189;502;1
23903 Villatorres;2329;1678;651;386;265;0
23904 Santiago-Pontones;2418;1324;1094;736;358;1
23905 Arroyo del Ojanco;1206;1017;189;138;51;0
24008 Astorga;7269;4595;2674;1009;1665;10
24010 Bañeza, La;7194;3936;3258;1029;2229;6
24014 Bembibre;5592;3829;1763;459;1304;1
24015 Benavides;2182;1122;1060;628;432;1
24021 Boñar;2210;865;1345;667;678;0
24030 Cacabelos;3106;2172;934;193;741;3
24034 Camponaraya;2181;1664;517;218;299;0
24038 Carracedelo;1773;1449;324;152;172;0
24039 Carrizo;1772;962;810;438;372;2
24056 Cistierna;2559;1528;1031;540;491;1
24065 Chozas de Abajo;1848;952;896;540;356;4
24070 Fabero;2359;2027;332;186;146;2
24089 León;78725;57490;21235;5889;15346;51
24114 Pola de Gordón, La;3322;1534;1788;859;929;1
24115 Ponferrada;37692;28307;9385;3643;5742;10
24134 Robla, La;3006;1815;1191;265;926;0
24139 Sahagún;2341;1091;1250;1039;211;4
24142 San Andrés del Rabanedo;17546;12768;4778;1440;3338;7
24148 San Justo de la Vega;1123;805;318;169;149;1
24157 Santa María del Páramo;2025;1270;755;212;543;0
24159 Santa Marina del Rey;1319;924;395;262;133;0
24163 Sariegos;2320;1702;618;421;197;2
24169 Toreno;2300;1443;857;327;530;8
24170 Torre del Bierzo;1243;963;280;36;244;0
24175 Valdefresno;1503;876;627;527;100;4
24188 Valencia de Don Juan;4069;2002;2067;1005;1062;1
24189 Valverde de la Virgen;4285;2855;1430;471;959;5
24196 Vega de Espinareda;1499;1036;463;119;344;0
24202 Villablino;5063;3837;1226;363;863;10
24206 Toral de los Vados;1325;851;474;287;187;1
24209 Villafranca del Bierzo;2336;1406;930;612;318;5
24222 Villaquilambre;10586;7452;3134;1081;2053;1
24223 Villarejo de Órbigo;2439;1298;1141;430;711;4
25003 Agramunt;2829;2040;789;118;671;2
25007 Albatàrrec;907;816;91;12;79;1
25011 Alcarràs;4329;3318;1011;34;977;1
25012 Alcoletge;1553;1224;329;222;107;1
25013 Alfarràs;1439;1205;234;80;154;1
25016 Alguaire;1464;1106;358;92;266;0
25019 Almacelles;3100;2432;668;171;497;3
25021 Almenar;1895;1284;611;63;548;1
25023 Alpicat;2600;2129;471;199;272;3
25029 Arbeca;1339;956;383;150;233;0
25034 Artesa de Segre;2603;1418;1185;572;613;1
25038 Aitona;1069;832;237;129;108;2
25040 Balaguer;8261;6304;1957;371;1586;5
25048 Bell-lloc d'Urgell;944;873;71;0;71;1
25050 Bellpuig;2323;1760;563;49;514;6
25051 Bellver de Cerdanya;2600;1047;1553;1116;437;3
25052 Bellvís;1045;958;87;42;45;0
25058 Borges Blanques, Les;3606;2370;1236;107;1129;3
25072 Cervera;4590;3560;1030;158;872;2
25110 Guissona;2517;2216;301;62;239;1
25119 Juneda;1731;1226;505;63;442;3
25120 Lleida;66415;55792;10623;3167;7456;40
25122 Linyola;1359;1052;307;40;267;0
25137 Mollerussa;6577;5352;1225;41;1184;5
25158 Palau d'Anglesola, El;897;801;96;36;60;1
25171 Pobla de Segur, La;2187;1387;800;522;278;4
25172 Ponts;1840;1055;785;143;642;3
25173 Pont de Suert, El;1723;1056;667;375;292;8
25189 Rosselló;1464;1211;253;50;203;1
25203 Seu d'Urgell, La;7054;5262;1792;673;1119;7
25207 Solsona;4927;3680;1247;235;1012;4
25209 Sort;1902;949;953;795;158;7
25217 Tàrrega;8627;6193;2434;316;2118;2
25228 Torrefarrera;1924;1537;387;82;305;1
25230 Torregrossa;1088;797;291;80;211;0
25232 Torres de Segre;977;792;185;100;85;0
25234 Tremp;4653;2489;2164;1308;856;6
25243 Vielha e Mijaran;4446;2075;2371;2288;83;20
26005 Albelda de Iregua;2443;1310;1133;704;429;3
26006 Alberite;1563;1056;507;143;364;0
26008 Aldeanueva de Ebro;1376;1031;345;77;268;0
26011 Alfaro;5491;3850;1641;558;1083;2
26018 Arnedo;7051;5625;1426;390;1036;3
26021 Autol;2358;1705;653;202;451;2
26036 Calahorra;12399;9329;3070;930;2140;6
26046 Cenicero;1666;927;739;354;385;1
26047 Cervera del Río Alhama;2399;1058;1341;700;641;2
26061 Ezcaray;4138;874;3264;1230;2034;1
26064 Fuenmayor;1783;1263;520;345;175;2
26071 Haro;8426;4697;3729;1845;1884;3
26084 Lardero;5847;3510;2337;558;1779;2
26089 Logroño;77650;61904;15746;4106;11640;33
26102 Nájera;4780;3276;1504;554;950;4
26105 Navarrete;1645;1105;540;218;322;0
26117 Pradejón;1617;1367;250;164;86;0
26120 Quel;1322;861;461;180;281;1
26125 Rincón de Soto;1905;1436;469;163;306;0
26138 Santo Domingo de la Calzada;4870;2644;2226;784;1442;6
26168 Villamediana de Iregua;4612;2983;1629;912;717;0
27001 Abadín;1655;984;671;294;377;0
27002 Alfoz;1135;686;449;262;187;0
27003 Antas de Ulla;1514;823;691;332;359;1
27005 Barreiros;4736;1203;3533;2846;687;0
27006 Becerreá;2464;1282;1182;475;707;2
27007 Begonte;2174;1270;904;689;215;3
27009 Carballedo;1567;974;593;262;331;0
27010 Castro de Rei;2412;1950;462;216;246;1
27011 Castroverde;1608;979;629;346;283;0
27013 Cervo;2880;1822;1058;407;651;1
27014 Corgo, O;2102;1325;777;571;206;0
27015 Cospeito;3075;1706;1369;535;834;0
27016 Chantada;5965;3272;2693;1467;1226;3
27018 Fonsagrada, A;2846;1655;1191;694;497;1
27019 Foz;10146;3788;6358;2912;3446;3
27020 Friol;2294;1433;861;607;254;0
27021 Xermade;1500;871;629;350;279;0
27022 Guitiriz;3564;2041;1523;839;684;1
27023 Guntín;1610;1079;531;425;106;1
27025 Xove;1478;1270;208;47;161;1
27026 Láncara;1534;926;608;483;125;1
27027 Lourenzá;1471;934;537;219;318;0
27028 Lugo;59623;40227;19396;7026;12370;24
27030 Mondoñedo;2727;1656;1071;352;719;5
27031 Monforte de Lemos;13261;8012;5249;2275;2974;6
27032 Monterroso;2979;1546;1433;758;675;2
27039 Outeiro de Rei;2585;1822;763;531;232;2
27040 Palas de Rei;2580;1550;1030;741;289;0
27041 Pantón;1675;1215;460;261;199;1
27042 Paradela;1093;652;441;221;220;0
27044 Pastoriza, A;1612;1085;527;314;213;1
27048 Pontenova, A;1795;1048;747;383;364;0
27050 Quiroga;3032;1485;1547;1063;484;1
27051 Ribadeo;6494;4091;2403;1087;1316;7
27057 Sarria;8655;5361;3294;1089;2205;5
27058 Saviñao, O;2699;1729;970;522;448;0
27059 Sober;2201;1086;1115;621;494;1
27060 Taboada;2147;1160;987;650;337;1
27063 Valadouro, O;1575;911;664;333;331;4
27065 Vilalba;8566;5623;2943;1119;1824;1
27066 Viveiro;10949;6288;4661;2073;2588;5
27901 Baralla;1569;996;573;407;166;0
27902 Burela;5632;3703;1929;577;1352;4
28002 Ajalvir;1564;1533;31;8;23;1
28004 Álamo, El;4087;2916;1171;553;618;6
28005 Alcalá de Henares;78917;71864;7053;1255;5798;30
28006 Alcobendas;41180;39101;2079;566;1513;9
28007 Alcorcón;70857;66066;4791;1303;3488;4
28008 Aldea del Fresno;1989;975;1014;688;326;2
28009 Algete;7951;6570;1381;521;860;0
28010 Alpedrete;7249;4910;2339;1941;398;3
28013 Aranjuez;24792;20040;4752;553;4199;7
28014 Arganda del Rey;20458;18925;1533;429;1104;7
28015 Arroyomolinos;10043;7813;2230;196;2034;0
28018 Becerril de la Sierra;4128;1977;2151;1678;473;1
28022 Boadilla del Monte;16380;14504;1876;551;1325;4
28023 Boalo, El;4283;2678;1605;1173;432;0
28026 Brunete;4086;3402;684;303;381;2
28028 Bustarviejo;2409;952;1457;1127;330;1
28030 Cabrera, La;1722;915;807;602;205;4
28031 Cadalso de los Vidrios;2862;1123;1739;1606;133;1
28032 Camarma de Esteruelas;2903;2424;479;156;323;1
28033 Campo Real;2844;2087;757;155;602;1
28036 Casarrubuelos;1240;1076;164;46;118;0
28037 Cenicientos;1986;824;1162;596;566;1
28038 Cercedilla;5038;2713;2325;1824;501;7
28040 Ciempozuelos;9767;8043;1724;382;1342;10
28041 Cobeña;2764;2217;547;87;460;3
28043 Colmenar de Oreja;4925;2979;1946;1250;696;4
28044 Colmenarejo;3749;3054;695;424;271;1
28045 Colmenar Viejo;18927;15873;3054;1175;1879;13
28046 Collado Mediano;4255;2391;1864;1138;726;1
28047 Collado Villalba;27741;22055;5686;2927;2759;5
28049 Coslada;31567;30490;1077;220;857;3
28050 Cubas de la Sagra;2220;1713;507;240;267;3
28051 Chapinería;1397;782;615;310;305;1
28052 Chinchón;3045;1969;1076;578;498;3
28053 Daganzo de Arriba;3691;3215;476;142;334;0
28054 Escorial, El;9836;5593;4243;3615;628;5
28057 Fresno de Torote;1129;808;321;303;18;0
28058 Fuenlabrada;70835;66655;4180;674;3506;6
28059 Fuente el Saz de Jarama;2858;2198;660;479;181;3
28061 Galapagar;15187;11187;4000;2076;1924;11
28065 Getafe;68984;62509;6475;1663;4812;17
28066 Griñón;3879;3185;694;371;323;5
28067 Guadalix de la Sierra;3533;2101;1432;1137;295;1
28068 Guadarrama;9539;5967;3572;2621;951;15
28072 Hoyo de Manzanares;5003;2695;2308;1113;1195;1
28073 Humanes de Madrid;7075;6430;645;133;512;1
28074 Leganés;75514;70949;4565;651;3914;11
28075 Loeches;3563;2827;736;280;456;2
28079 Madrid;1530957;1320531;210426;57325;153101;533
28080 Majadahonda;24645;23069;1576;607;969;4
28082 Manzanares el Real;5533;3007;2526;1923;603;1
28083 Meco;5222;4370;852;178;674;1
28084 Mejorada del Campo;8502;7594;908;217;691;1
28085 Miraflores de la Sierra;4816;2280;2536;1475;1061;1
28086 Molar, El;3491;2991;500;177;323;1
28087 Molinos, Los;2871;1642;1229;1049;180;6
28089 Moraleja de Enmedio;1779;1623;156;96;60;2
28090 Moralzarzal;6045;4263;1782;1276;506;6
28091 Morata de Tajuña;3394;2673;721;333;388;3
28092 Móstoles;79592;74951;4641;1649;2992;6
28093 Navacerrada;2297;1105;1192;1065;127;2
28095 Navalagamella;1403;850;553;386;167;0
28096 Navalcarnero;12065;8846;3219;964;2255;11
28099 Navas del Rey;1736;971;765;307;458;1
28100 Nuevo Baztán;3941;2067;1874;1507;367;0
28104 Paracuellos de Jarama;7244;6976;268;25;243;1
28106 Parla;47093;43712;3381;576;2805;4
28108 Pedrezuela;3039;1959;1080;511;569;2
28109 Pelayos de la Presa;2975;955;2020;1111;909;3
28110 Perales de Tajuña;1579;1007;572;313;259;0
28113 Pinto;19695;17401;2294;867;1427;2
28115 Pozuelo de Alarcón;29840;26769;3071;1654;1417;35
28119 Quijorna;1603;1172;431;327;104;0
28123 Rivas-Vaciamadrid;25374;24663;711;221;490;2
28125 Robledo de Chavela;3423;1459;1964;1751;213;3
28127 Rozas de Madrid, Las;35388;29873;5515;1855;3660;15
28129 San Agustín del Guadalix;4657;4186;471;155;316;1
28130 San Fernando de Henares;15304;14596;708;271;437;2
28131 San Lorenzo de El Escorial;10030;7110;2920;1852;1068;8
28132 San Martín de la Vega;7553;6736;817;81;736;1
28133 San Martín de Valdeiglesias;5865;2908;2957;2022;935;4
28134 San Sebastián de los Reyes;32465;29710;2755;1018;1737;6
28137 Santos de la Humosa, Los;1185;854;331;122;209;0
28140 Serranillos del Valle;1566;1163;403;170;233;4
28141 Sevilla la Nueva;4022;3033;989;548;441;5
28144 Soto del Real;5214;2316;2898;2446;452;4
28145 Talamanca de Jarama;1949;1152;797;528;269;1
28146 Tielmes;1466;953;513;155;358;1
28148 Torrejón de Ardoz;49209;44581;4628;661;3967;7
28149 Torrejón de la Calzada;2786;2501;285;122;163;1
28150 Torrejón de Velasco;1769;1417;352;102;250;0
28151 Torrelaguna;2619;1842;777;235;542;2
28152 Torrelodones;8253;6962;1291;552;739;9
28154 Torres de la Alameda;2940;2587;353;196;157;4
28160 Valdemorillo;7054;4412;2642;2000;642;0
28161 Valdemoro;27598;24839;2759;458;2301;7
28162 Valdeolmos-Alalpardo;1870;1254;616;183;433;1
28164 Valdetorres de Jarama;2239;1455;784;687;97;1
28165 Valdilecha;1626;1023;603;317;286;0
28167 Velilla de San Antonio;4372;4127;245;112;133;0
28170 Villaconejos;1712;1248;464;200;264;0
28171 Villa del Prado;4596;2214;2382;1266;1116;2
28172 Villalbilla;5680;3740;1940;617;1323;2
28174 Villamanta;1232;875;357;263;94;3
28176 Villanueva de la Cañada;8385;5718;2667;898;1769;3
28177 Villanueva del Pardillo;5894;5387;507;192;315;1
28179 Villar del Olmo;1209;747;462;388;74;0
28180 Villarejo de Salvanés;3740;2615;1125;575;550;0
28181 Villaviciosa de Odón;11751;9166;2585;1378;1207;6
28903 Tres Cantos;14458;13306;1152;282;870;2
29001 Alameda;2371;2003;368;82;286;11
29002 Alcaucín;1519;1275;244;232;12;0
29005 Algarrobo;5367;2528;2839;1816;1023;0
29007 Alhaurín de la Torre;14437;12154;2283;1373;910;4
29008 Alhaurín el Grande;10824;8184;2640;1220;1420;8
29010 Almargen;1052;827;225;46;179;0
29011 Almogía;1899;1436;463;167;296;0
29012 Álora;6144;4841;1303;370;933;1
29013 Alozaina;1435;894;541;308;233;0
29015 Antequera;17883;14878;3005;784;2221;14
29017 Archidona;4206;3234;972;344;628;3
29018 Ardales;1409;1082;327;206;121;0
29020 Arriate;2110;1436;674;308;366;1
29023 Benahavís;3906;2025;1881;1300;581;0
29025 Benalmádena;42378;25458;16920;11330;5590;4
29027 Benamocarra;1330;1155;175;44;131;0
29032 Campillos;4054;3222;832;149;683;1
29038 Cártama;11176;8390;2786;1269;1517;1
29039 Casabermeja;1717;1352;365;160;205;0
29040 Casarabonela;1578;1065;513;244;269;1
29041 Casares;3694;2022;1672;1177;495;0
29042 Coín;10464;7461;3003;1373;1630;2
29043 Colmenar;1654;1321;333;160;173;1
29045 Cómpeta;3419;1491;1928;740;1188;0
29046 Cortes de la Frontera;2324;1353;971;252;719;0
29049 Cuevas de San Marcos;2201;1567;634;286;348;0
29051 Estepona;50082;24280;25802;18253;7549;5
29053 Frigiliana;2002;1281;721;410;311;0
29054 Fuengirola;47537;28416;19121;13403;5718;3
29055 Fuente de Piedra;1638;1005;633;146;487;1
29058 Guaro;1135;783;352;144;208;1
29059 Humilladero;1640;1284;356;144;212;0
29067 Málaga;254658;211358;43300;14890;28410;78
29068 Manilva;13058;5159;7899;4930;2969;0
29069 Marbella;86700;48791;37909;26231;11678;16
29070 Mijas;50806;29523;21283;14280;7003;2
29072 Mollina;2555;2159;396;103;293;0
29073 Monda;1283;987;296;117;179;0
29075 Nerja;16394;8306;8088;5951;2137;26
29076 Ojén;1661;1421;240;110;130;0
29079 Periana;2168;1371;797;609;188;3
29080 Pizarra;3702;3206;496;183;313;1
29082 Rincón de la Victoria;25447;15037;10410;6367;4043;5
29083 Riogordo;1606;1150;456;360;96;2
29084 Ronda;19425;13594;5831;3008;2823;9
29088 Sierra de Yeguas;1650;1246;404;138;266;0
29089 Teba;1988;1566;422;212;210;0
29090 Tolox;1764;948;816;434;382;2
29091 Torrox;16824;7101;9723;6856;2867;4
29093 Valle de Abdalajís;1426;1069;357;161;196;3
29094 Vélez-Málaga;47231;28606;18625;12062;6563;9
29095 Villanueva de Algaidas;2157;1758;399;150;249;1
29096 Villanueva del Rosario;1914;1438;476;250;226;1
29097 Villanueva del Trabuco;2554;1965;589;236;353;0
29100 Yunquera;2139;1140;999;616;383;0
29901 Torremolinos;44242;28724;15518;7525;7993;14
29902 Villanueva de la Concepción;1336;1218;118;53;65;0
30001 Abanilla;4338;2519;1819;576;1243;3
30002 Abarán;6618;4654;1964;744;1220;1
30003 Águilas;21384;12089;9295;3494;5801;5
30005 Alcantarilla;18812;14806;4006;1239;2767;2
30007 Alguazas;4297;3095;1202;252;950;0
30008 Alhama de Murcia;13915;7356;6559;4027;2532;2
30009 Archena;8804;6454;2350;388;1962;6
30010 Beniel;4176;3720;456;162;294;0
30011 Blanca;3561;2410;1151;216;935;2
30012 Bullas;6348;4440;1908;776;1132;0
30013 Calasparra;5496;3958;1538;385;1153;1
30014 Campos del Río;1143;818;325;77;248;1
30015 Caravaca de la Cruz;13047;9227;3820;1075;2745;5
30016 Cartagena;115749;76599;39150;28332;10818;30
30017 Cehegín;7978;5552;2426;808;1618;1
30018 Ceutí;5140;3781;1359;599;760;2
30019 Cieza;14649;11947;2702;606;2096;3
30020 Fortuna;4821;3493;1328;801;527;0
30021 Fuente Álamo de Murcia;9363;5438;3925;959;2966;1
30022 Jumilla;12118;9000;3118;342;2776;3
30023 Librilla;2840;1845;995;242;753;0
30024 Lorca;36985;29838;7147;2890;4257;6
30025 Lorquí;3318;2425;893;200;693;0
30026 Mazarrón;29137;13310;15827;9443;6384;1
30027 Molina de Segura;31408;23146;8262;2288;5974;3
30028 Moratalla;5841;3180;2661;1330;1331;1
30029 Mula;7523;5858;1665;327;1338;2
30030 Murcia;207571;156916;50655;14611;36044;47
30032 Pliego;2294;1534;760;344;416;0
30033 Puerto Lumbreras;7722;5114;2608;289;2319;0
30035 San Javier;39554;11080;28474;23365;5109;6
30036 San Pedro del Pinatar;19708;8374;11334;8844;2490;2
30037 Torre-Pacheco;20386;10744;9642;2316;7326;1
30038 Torres de Cotillas, Las;8945;7432;1513;664;849;1
30039 Totana;14222;9994;4228;2439;1789;1
30041 Unión, La;8532;6546;1986;359;1627;0
30042 Villanueva del Río Segura;2298;849;1449;498;951;1
30043 Yecla;15516;12224;3292;329;2963;3
30901 Santomera;6407;5512;895;234;661;1
30902 Alcázares, Los;21463;5988;15475;14783;692;3
31006 Ablitas;1473;1011;462;174;288;0
31010 Altsasu/Alsasua;3563;3127;436;93;343;3
31015 Andosilla;1442;1063;379;163;216;1
31016 Ansoáin/Antsoain;4539;4325;214;82;132;0
31019 Aoiz/Agoitz;1486;1046;440;104;336;1
31023 Aranguren;2920;2590;330;84;246;5
31032 Arguedas;1223;915;308;58;250;0
31042 Azagra;1655;1320;335;140;195;0
31050 Baztan;4337;2938;1399;295;1104;7
31057 Buñuel;1252;929;323;101;222;1
31060 Burlada/Burlata;7365;6584;781;217;564;2
31064 Cadreita;942;819;123;68;55;0
31065 Caparroso;1348;1058;290;66;224;1
31067 Carcastillo;1230;878;352;184;168;2
31068 Cascante;2253;1581;672;98;574;1
31070 Castejón;2071;1516;555;268;287;2
31072 Cintruénigo;3693;2983;710;425;285;2
31076 Cizur;1260;1079;181;80;101;2
31077 Corella;4151;3266;885;261;624;2
31078 Cortes;1481;1364;117;8;109;5
31084 Etxarri Aranatz;1269;1064;205;35;170;0
31086 Valle de Egüés/Eguesibar;7515;6591;924;204;720;3
31088 Noáin (Valle de Elorz)/Noain (Elortzibar);3388;2853;535;281;254;0
31097 Estella-Lizarra;7420;5621;1799;526;1273;8
31098 Esteribar;1347;889;458;255;203;1
31104 Falces;1406;1008;398;225;173;1
31105 Fitero;1228;828;400;167;233;1
31107 Funes;1336;922;414;64;350;1
31108 Fustiñana;1187;966;221;55;166;1
31122 Huarte/Uharte;2947;2525;422;83;339;1
31142 Larraga;1133;784;349;160;189;0
31149 Leitza;1386;1137;249;31;218;6
31153 Lesaka;1278;1105;173;69;104;1
31157 Lodosa;2525;1915;610;45;565;4
31163 Marcilla;1540;1061;479;209;270;2
31165 Mendavia;2298;1443;855;351;504;1
31169 Milagro;1620;1202;418;327;91;1
31191 Olite/Erriberri;2174;1519;655;398;257;3
31201 Pamplona/Iruña;90177;78924;11253;3454;7799;50
31202 Peralta/Azkoien;2711;2240;471;158;313;1
31206 Puente la Reina/Gares;1584;1081;503;56;447;1
31208 Ribaforada;1538;1339;199;92;107;0
31215 San Adrián;2810;2370;440;63;377;1
31216 Sangüesa/Zangoza;2510;1980;530;198;332;3
31227 Tafalla;5257;4181;1076;150;926;3
31232 Tudela;16144;14063;2081;390;1691;8
31249 Valtierra;1205;892;313;66;247;1
31250 Bera;1716;1459;257;39;218;4
31251 Viana;2356;1634;722;192;530;1
31254 Villafranca;1521;1133;388;233;155;1
31258 Villava/Atarrabia;4010;3667;343;65;278;3
31901 Barañáin/Barañain;8185;7625;560;278;282;0
31902 Berrioplano/Berriobeiti;2748;2149;599;196;403;2
31903 Berriozar;3887;3473;414;52;362;0
31904 Irurtzun;961;883;78;34;44;0
31905 Beriáin;1596;1487;109;28;81;0
31906 Orkoien;1494;1372;122;0;122;0
31907 Zizur Mayor/Zizur Nagusia;5281;4977;304;131;173;2
32001 Allariz;6068;2354;3714;2300;1414;6
32002 Amoeiro;1809;902;907;600;307;1
32004 Avión;2140;1017;1123;468;655;0
32008 Barbadás;5419;3776;1643;648;995;3
32009 Barco de Valdeorras, O;9002;5718;3284;1394;1890;0
32013 Boborás;1934;1313;621;243;378;0
32019 Carballiño, O;10378;5675;4703;2436;2267;4
32020 Cartelle;2421;1298;1123;481;642;1
32024 Celanova;4707;2394;2313;854;1459;1
32026 Coles;2515;1127;1388;743;645;1
32032 Xinzo de Limia;7589;3874;3715;1533;2182;2
32042 Lobios;1686;966;720;475;245;0
32043 Maceda;2929;1281;1648;875;773;1
32045 Maside;2253;1152;1101;355;746;2
32047 Merca, A;2012;902;1110;753;357;1
32050 Monterrei;2404;1241;1163;670;493;0
32052 Nogueira de Ramuín;2598;1017;1581;976;605;2
32054 Ourense;67073;43805;23268;8707;14561;32
32056 Padrenda;1565;892;673;536;137;0
32058 Pereiro de Aguiar, O;4166;2306;1860;1063;797;4
32059 Peroxa, A;1818;752;1066;535;531;4
32063 Pobra de Trives, A;2418;973;1445;980;465;1
32069 Ribadavia;3945;2104;1841;874;967;2
32072 Rúa, A;3353;1881;1472;534;938;2
32075 San Cibrao das Viñas;3413;1864;1549;494;1055;0
32076 San Cristovo de Cea;1954;934;1020;464;556;2
32081 Toén;2008;1015;993;511;482;0
32085 Verín;9954;5662;4292;1710;2582;1
32086 Viana do Bolo;2948;1267;1681;1109;572;3
32087 Vilamarín;1396;832;564;326;238;1
32091 Vilardevós;2306;1032;1274;598;676;0
33002 Aller;8536;5403;3133;985;2148;1
33004 Avilés;41338;35805;5533;1352;4181;10
33008 Cabrales;1514;923;591;406;185;3
33010 Candamo;1052;916;136;94;42;3
33011 Cangas del Narcea;7096;4848;2248;1445;803;4
33012 Cangas de Onís;3755;2709;1046;397;649;1
33014 Carreño;6217;4429;1788;474;1314;6
33016 Castrillón;12699;9611;3088;1236;1852;3
33017 Castropol;1894;1322;572;411;161;3
33018 Coaña;1688;1149;539;245;294;0
33019 Colunga;3162;1576;1586;1093;493;1
33020 Corvera de Asturias;8329;6674;1655;743;912;1
33021 Cudillero;4355;2336;2019;1422;597;1
33023 Franco, El;1791;1652;139;103;36;2
33024 Gijón;147149;122519;24630;8079;16551;63
33025 Gozón;8069;4264;3805;2626;1179;2
33026 Grado;6822;4302;2520;1886;634;2
33031 Langreo;24963;18940;6023;2096;3927;10
33032 Laviana;8523;6016;2507;1222;1285;3
33033 Lena;7927;5315;2612;1471;1141;1
33034 Valdés;7229;4898;2331;1661;670;8
33035 Llanera;6839;5403;1436;460;976;6
33036 Llanes;12890;5687;7203;4915;2288;12
33037 Mieres;23650;18333;5317;1924;3393;9
33038 Morcín;1714;1245;469;147;322;0
33040 Nava;3322;2282;1040;571;469;1
33041 Navia;4589;3347;1242;808;434;0
33042 Noreña;2772;2251;521;40;481;3
33044 Oviedo;123686;97821;25865;7283;18582;45
33045 Parres;3888;2501;1387;712;675;1
33049 Piloña;4779;3315;1464;794;670;5
33051 Pravia;5532;3547;1985;1193;792;6
33056 Ribadesella;5615;2697;2918;2466;452;5
33058 Riosa;1240;934;306;141;165;0
33059 Salas;4675;2416;2259;1213;1046;6
33060 San Martín del Rey Aurelio;11393;7737;3656;2018;1638;1
33066 Siero;25242;20468;4774;1850;2924;12
33069 Soto del Barco;3347;1824;1523;952;571;0
33070 Tapia de Casariego;3049;1335;1714;1401;313;1
33073 Tineo;5865;3869;1996;1437;559;1
33074 Vegadeo;2445;1732;713;321;392;3
33076 Villaviciosa;11069;6222;4847;3288;1559;5
34004 Aguilar de Campoo;4248;2990;1258;778;480;3
34023 Venta de Baños;3638;2664;974;229;745;2
34047 Carrión de los Condes;1619;861;758;387;371;4
34056 Cervera de Pisuerga;1933;961;972;624;348;1
34069 Dueñas;1593;1156;437;174;263;1
34080 Guardo;4071;2750;1321;689;632;4
34083 Herrera de Pisuerga;1781;971;810;589;221;2
34120 Palencia;44573;32691;11882;4745;7137;37
34123 Paredes de Nava;1414;776;638;302;336;4
34157 Saldaña;2475;1203;1272;929;343;3
34225 Villamuriel de Cerrato;2999;2406;593;193;400;2
35001 Agaete;3123;2230;893;572;321;1
35002 Agüimes;13975;10655;3320;1570;1750;2
35003 Antigua;7474;4388;3086;789;2297;2
35004 Arrecife;23216;20183;3033;291;2742;8
35006 Arucas;16285;12975;3310;847;2463;5
35008 Firgas;3370;2726;644;278;366;0
35009 Gáldar;11142;8415;2727;1012;1715;1
35010 Haría;3809;2050;1759;1334;425;1
35011 Ingenio;12738;10526;2212;609;1603;1
35012 Mogán;14013;9279;4734;3719;1015;2
35013 Moya;4498;2980;1518;651;867;1
35014 Oliva, La;11253;9908;1345;479;866;1
35015 Pájara;10135;8761;1374;972;402;11
35016 Palmas de Gran Canaria, Las;182890;144987;37903;8299;29604;40
35017 Puerto del Rosario;18135;13653;4482;541;3941;4
35018 San Bartolomé;8291;6879;1412;757;655;1
35019 San Bartolomé de Tirajana;28125;21203;6922;4943;1979;15
35020 Aldea de San Nicolás, La;3701;2997;704;392;312;1
35021 Santa Brígida;7733;6459;1274;344;930;4
35022 Santa Lucía de Tirajana;28817;23715;5102;697;4405;4
35023 Santa María de Guía de Gran Canaria;6602;5000;1602;592;1010;2
35024 Teguise;11101;7810;3291;2118;1173;3
35025 Tejeda;999;857;142;110;32;0
35026 Telde;46458;36856;9602;2540;7062;8
35027 Teror;6542;4787;1755;823;932;2
35028 Tías;15516;7915;7601;6586;1015;5
35029 Tinajo;2418;2023;395;214;181;1
35030 Tuineje;6379;4908;1471;950;521;0
35031 Valsequillo de Gran Canaria;4308;3243;1065;297;768;0
35032 Valleseco;1893;1450;443;343;100;0
35033 Vega de San Mateo;3712;2841;871;441;430;0
35034 Yaiza;12225;5821;6404;1519;4885;2
36001 Arbo;2225;1231;994;657;337;0
36002 Barro;1580;1233;347;133;214;0
36003 Baiona;8565;4120;4445;3383;1062;2
36004 Bueu;6720;4006;2714;1630;1084;0
36005 Caldas de Reis;4054;3401;653;206;447;1
36006 Cambados;6793;5044;1749;341;1408;1
36007 Campo Lameiro;936;710;226;144;82;0
36008 Cangas;14445;9855;4590;1812;2778;1
36009 Cañiza, A;3730;2007;1723;976;747;1
36010 Catoira;1491;1206;285;107;178;0
36012 Cotobade;2561;1533;1028;790;238;0
36013 Covelo;1834;1169;665;536;129;1
36014 Crecente;1496;868;628;511;117;2
36015 Cuntis;2550;1760;790;262;528;1
36017 Estrada, A;11263;7800;3463;1413;2050;1
36018 Forcarei;2599;1408;1191;731;460;1
36020 Agolada;1724;1044;680;448;232;0
36021 Gondomar;6283;4561;1722;866;856;3
36022 Grove, O;7787;3982;3805;1732;2073;3
36023 Guarda, A;6306;3911;2395;608;1787;1
36024 Lalín;11729;7239;4490;1183;3307;2
36025 Lama, A;1527;978;549;197;352;1
36026 Marín;12125;8823;3302;1288;2014;1
36027 Meaño;2243;1724;519;152;367;0
36028 Meis;2142;1702;440;272;168;1
36029 Moaña;9672;7173;2499;745;1754;0
36030 Mondariz;2678;1839;839;535;304;0
36032 Moraña;1677;1350;327;127;200;0
36033 Mos;5260;4875;385;245;140;3
36034 Neves, As;2553;1697;856;569;287;0
36035 Nigrán;11007;6019;4988;3246;1742;4
36036 Oia;1654;1000;654;492;162;0
36037 Pazos de Borbén;1406;1019;387;199;188;0
36038 Pontevedra;39558;30946;8612;1726;6886;10
36039 Porriño, O;8370;6385;1985;550;1435;2
36040 Portas;1265;960;305;145;160;0
36041 Poio;9380;6007;3373;1427;1946;1
36042 Ponteareas;12356;8428;3928;1640;2288;2
36043 Ponte Caldelas;2595;1912;683;399;284;0
36044 Pontecesures;1623;1057;566;116;450;0
36045 Redondela;14044;10921;3123;1227;1896;2
36046 Ribadumia;2137;1746;391;168;223;1
36047 Rodeiro;1541;935;606;307;299;0
36048 Rosal, O;3502;2371;1131;445;686;1
36049 Salceda de Caselas;4490;3310;1180;339;841;2
36050 Salvaterra de Miño;5736;3809;1927;971;956;1
36051 Sanxenxo;16895;5836;11059;8065;2994;5
36052 Silleda;5201;3365;1836;617;1219;0
36053 Soutomaior;3600;2587;1013;372;641;0
36054 Tomiño;5476;4524;952;528;424;0
36055 Tui;7344;5870;1474;520;954;4
36056 Valga;2422;1874;548;356;192;0
36057 Vigo;143579;114455;29124;10536;18588;58
36058 Vilaboa;2972;2012;960;543;417;0
36059 Vila de Cruces;3493;2164;1329;672;657;0
36060 Vilagarcía de Arousa;19748;13938;5810;1399;4411;3
36061 Vilanova de Arousa;4855;3524;1331;854;477;3
36901 Illa de Arousa, A;2632;1566;1066;470;596;0
37008 Alba de Tormes;3298;2076;1222;530;692;6
37046 Béjar;9418;5717;3701;1961;1740;5
37067 Cabrerizos;1746;1388;358;223;135;1
37085 Carbajosa de la Sagrada;2999;2328;671;204;467;0
37107 Ciudad Rodrigo;9062;5366;3696;2289;1407;12
37156 Guijuelo;3129;2229;900;370;530;1
37246 Peñaranda de Bracamonte;4109;2601;1508;612;896;1
37274 Salamanca;92449;64588;27861;14907;12954;42
37294 Santa Marta de Tormes;7043;5219;1824;632;1192;7
37322 Terradillos;2012;1337;675;449;226;0
37354 Villamayor;3424;2393;1031;561;470;5
37362 Villares de la Reina;3070;2170;900;325;575;0
37376 Vitigudino;1689;1061;628;406;222;2
38001 Adeje;23713;18462;5251;3599;1652;2
38003 Alajeró;1645;735;910;674;236;2
38004 Arafo;2707;1932;775;452;323;0
38005 Arico;5915;2904;3011;2185;826;1
38006 Arona;44532;31417;13115;7897;5218;5
38007 Barlovento;1245;757;488;322;166;0
38008 Breña Alta;3218;2711;507;167;340;1
38009 Breña Baja;2977;1986;991;338;653;4
38010 Buenavista del Norte;2037;1840;197;97;100;0
38011 Candelaria;14069;10617;3452;2187;1265;0
38012 Fasnia;1925;1223;702;29;673;1
38013 Frontera;2496;1539;957;662;295;3
38015 Garachico;2176;1795;381;212;169;2
38017 Granadilla de Abona;20799;15724;5075;3033;2042;5
38018 Guancha, La;2195;1802;393;172;221;1
38019 Guía de Isora;14449;6973;7476;6257;1219;1
38020 Güímar;10432;6939;3493;1869;1624;2
38021 Hermigua;1028;845;183;130;53;1
38022 Icod de los Vinos;9980;8074;1906;708;1198;1
38023 San Cristóbal de La Laguna;71221;57555;13666;4045;9621;13
38024 Llanos de Aridane, Los;10106;7922;2184;720;1464;4
38025 Matanza de Acentejo, La;3843;2998;845;229;616;1
38026 Orotava, La;17001;14646;2355;626;1729;5
38027 Paso, El;3635;2822;813;399;414;2
38028 Puerto de la Cruz;22337;13297;9040;5363;3677;7
38030 Puntallana;1327;902;425;283;142;0
38031 Realejos, Los;16735;13346;3389;1941;1448;0
38032 Rosario, El;7771;6028;1743;780;963;1
38033 San Andrés y Sauces;2352;1789;563;274;289;1
38034 San Juan de la Rambla;2063;1673;390;186;204;0
38035 San Miguel de Abona;12152;6312;5840;3990;1850;1
38036 San Sebastián de la Gomera;5089;3302;1787;957;830;3
38037 Santa Cruz de la Palma;7390;6245;1145;550;595;4
38038 Santa Cruz de Tenerife;96290;78572;17718;5125;12593;23
38039 Santa Úrsula;6394;5153;1241;779;462;0
38040 Santiago del Teide;9085;4260;4825;4227;598;1
38041 Sauzal, El;3417;3156;261;151;110;3
38042 Silos, Los;2100;1782;318;223;95;2
38043 Tacoronte;10746;8461;2285;981;1304;1
38044 Tanque, El;1183;1047;136;41;95;0
38045 Tazacorte;2374;1902;472;214;258;3
38046 Tegueste;4593;3802;791;240;551;1
38047 Tijarafe;1623;1016;607;371;236;0
38048 Valverde;2498;1963;535;314;221;2
38049 Valle Gran Rey;4254;2099;2155;986;1169;15
38050 Vallehermoso;1621;1341;280;218;62;1
38051 Victoria de Acentejo, La;3577;3163;414;241;173;0
38053 Villa de Mazo;2611;1838;773;437;336;0
39001 Alfoz de Lloredo;1962;980;982;731;251;2
39002 Ampuero;3151;1741;1410;871;539;1
39006 Arnuero;2776;847;1929;1607;322;0
39008 Astillero, El;8558;7230;1328;307;1021;4
39009 Bárcena de Cicero;3166;1605;1561;602;959;1
39011 Bareyo;1601;744;857;743;114;0
39012 Cabezón de la Sal;4176;3120;1056;418;638;2
39016 Camargo;13620;11826;1794;635;1159;7
39018 Cartes;2785;2229;556;216;340;0
39019 Castañeda;1587;1083;504;47;457;0
39020 Castro-Urdiales;25595;13617;11978;8614;3364;4
39023 Colindres;4359;2986;1373;346;1027;0
39024 Comillas;2331;1001;1330;1151;179;6
39025 Corrales de Buelna, Los;5577;4505;1072;447;625;2
39026 Corvera de Toranzo;1441;874;567;312;255;1
39027 Campoo de Enmedio;2159;1580;579;435;144;0
39028 Entrambasaguas;2408;1905;503;158;345;0
39030 Guriezo;1064;1011;53;27;26;0
39035 Laredo;16321;4705;11616;10688;928;3
39037 Liérganes;1231;887;344;125;219;2
39040 Marina de Cudeyo;2805;2063;742;438;304;0
39041 Mazcuerras;1068;829;239;91;148;0
39042 Medio Cudeyo;3333;2750;583;159;424;1
39044 Miengo;4125;2101;2024;1789;235;0
39047 Noja;11890;1002;10888;10814;74;1
39052 Piélagos;11817;8698;3119;1105;2014;6
39054 Polanco;2926;2078;848;155;693;2
39056 Puente Viesgo;1179;1115;64;35;29;1
39057 Ramales de la Victoria;2899;1186;1713;1145;568;0
39059 Reinosa;5722;4164;1558;636;922;3
39060 Reocín;3918;3120;798;208;590;2
39061 Ribamontán al Mar;4763;1811;2952;2118;834;1
39062 Ribamontán al Monte;1106;777;329;176;153;3
39069 San Felices de Buelna;993;965;28;14;14;0
39073 Santa Cruz de Bezana;5652;4342;1310;450;860;3
39074 Santa María de Cayón;4580;3717;863;418;445;1
39075 Santander;92423;73395;19028;8286;10742;18
39076 Santillana del Mar;1716;1460;256;63;193;0
39079 Santoña;7283;4375;2908;1187;1721;2
39080 San Vicente de la Barquera;3849;1685;2164;1776;388;1
39082 Selaya;1049;796;253;114;139;0
39085 Suances;6996;3583;3413;2697;716;3
39087 Torrelavega;26535;21959;4576;819;3757;18
39091 Valdáliga;1484;927;557;392;165;0
39095 Val de San Vicente;2468;1189;1279;750;529;1
39099 Villaescusa;1658;1315;343;104;239;0
39102 Voto;2363;1145;1218;482;736;0
40040 Cantalejo;2702;1605;1097;523;574;1
40043 Carbonero el Mayor;1463;937;526;233;293;1
40063 Cuéllar;5821;3730;2091;967;1124;3
40076 Espinar, El;9038;3602;5436;4746;690;2
40112 Lastrilla, La;1891;1118;773;508;265;4
40138 Nava de la Asunción;1813;1242;571;326;245;1
40155 Palazuelos de Eresma;2389;1731;658;381;277;1
40170 Riaza;2735;964;1771;1575;196;2
40181 Real Sitio de San Ildefonso;4127;2241;1886;1176;710;4
40194 Segovia;28875;21254;7621;2649;4972;19
40906 San Cristóbal de Segovia;1376;1034;342;153;189;0
41001 Aguadulce;1116;855;261;124;137;0
41003 Albaida del Aljarafe;1264;1113;151;43;108;0
41004 Alcalá de Guadaíra;32554;26090;6464;2367;4097;13
41005 Alcalá del Río;5049;4052;997;281;716;1
41006 Alcolea del Río;1553;1161;392;198;194;0
41007 Algaba, La;6485;5505;980;221;759;1
41010 Almensilla;2418;2088;330;238;92;1
41011 Arahal;8206;6351;1855;396;1459;1
41012 Aznalcázar;1689;1404;285;65;220;2
41013 Aznalcóllar;2728;2163;565;227;338;1
41014 Badolatosa;1511;1186;325;130;195;0
41015 Benacazón;2994;2446;548;179;369;0
41016 Bollullos de la Mitación;4030;3204;826;158;668;0
41017 Bormujos;7998;6727;1271;70;1201;3
41018 Brenes;5194;4637;557;144;413;1
41019 Burguillos;2801;2201;600;68;532;0
41020 Cabezas de San Juan, Las;7767;5571;2196;564;1632;0
41021 Camas;12726;10224;2502;830;1672;1
41022 Campana, La;2463;1924;539;84;455;1
41023 Cantillana;4964;3733;1231;442;789;1
41024 Carmona;14784;9876;4908;3177;1731;8
41025 Carrión de los Céspedes;1274;944;330;69;261;1
41026 Casariche;2740;2036;704;188;516;0
41027 Castilblanco de los Arroyos;3349;1820;1529;947;582;1
41028 Castilleja de Guzmán;1071;852;219;115;104;0
41029 Castilleja de la Cuesta;6971;5899;1072;262;810;1
41032 Cazalla de la Sierra;3141;1839;1302;760;542;1
41033 Constantina;3799;2283;1516;777;739;3
41034 Coria del Río;13259;10713;2546;503;2043;3
41036 Coronil, El;2363;1836;527;269;258;1
41037 Corrales, Los;1850;1478;372;75;297;0
41038 Dos Hermanas;50651;44299;6352;1094;5258;10
41039 Écija;19218;14524;4694;1410;3284;6
41040 Espartinas;5512;4555;957;573;384;2
41041 Estepa;5985;4509;1476;612;864;2
41042 Fuentes de Andalucía;3484;2576;908;216;692;1
41044 Gelves;4029;3206;823;205;618;0
41045 Gerena;3239;2517;722;290;432;1
41046 Gilena;1906;1343;563;100;463;0
41047 Gines;4912;4366;546;128;418;1
41048 Guadalcanal;1722;1041;681;516;165;0
41049 Guillena;5543;4319;1224;509;715;0
41050 Herrera;3355;2294;1061;586;475;1
41051 Huévar del Aljarafe;1019;933;86;48;38;1
41052 Lantejuela;1728;1447;281;36;245;0
41053 Lebrija;11931;9339;2592;393;2199;3
41055 Lora del Río;9008;6688;2320;726;1594;2
41056 Luisiana, La;2093;1756;337;169;168;0
41058 Mairena del Alcor;9774;7304;2470;296;2174;0
41059 Mairena del Aljarafe;18722;14628;4094;761;3333;3
41060 Marchena;8815;7043;1772;500;1272;4
41061 Marinaleda;1226;1026;200;50;150;0
41062 Martín de la Jara;1039;1001;38;20;18;0
41063 Molares, Los;1363;1278;85;21;64;0
41064 Montellano;3724;2739;985;664;321;1
41065 Morón de la Frontera;14389;10135;4254;992;3262;7
41067 Olivares;4054;3069;985;128;857;1
41068 Osuna;8120;6087;2033;436;1597;8
41069 Palacios y Villafranca, Los;13973;12234;1739;285;1454;2
41070 Palomares del Río;3049;2597;452;187;265;1
41071 Paradas;3308;2651;657;213;444;1
41072 Pedrera;2232;1829;403;133;270;0
41073 Pedroso, El;1378;831;547;263;284;0
41074 Peñaflor;1798;1440;358;63;295;0
41075 Pilas;5984;4870;1114;422;692;3
41076 Pruna;1650;1091;559;310;249;0
41077 Puebla de Cazalla, La;5500;3910;1590;157;1433;2
41078 Puebla de los Infantes, La;1836;1208;628;162;466;1
41079 Puebla del Río, La;5026;4304;722;138;584;0
41081 Rinconada, La;15129;13016;2113;713;1400;2
41082 Roda de Andalucía, La;2063;1610;453;59;394;1
41084 Rubio, El;1669;1311;358;93;265;0
41085 Salteras;2264;1803;461;39;422;2
41086 San Juan de Aznalfarache;10504;8222;2282;446;1836;1
41087 Sanlúcar la Mayor;5865;4502;1363;714;649;5
41089 Santiponce;3356;2859;497;44;453;1
41090 Saucejo, El;1838;1587;251;156;95;0
41091 Sevilla;337225;268435;68790;20612;48178;77
41092 Tocina;4459;3374;1085;272;813;1
41093 Tomares;9110;7982;1128;159;969;0
41094 Umbrete;3432;2825;607;109;498;0
41095 Utrera;22604;18326;4278;1578;2700;3
41096 Valencina de la Concepción;3571;2661;910;652;258;1
41097 Villamanrique de la Condesa;2177;1508;669;142;527;0
41098 Villanueva del Ariscal;2879;2147;732;87;645;1
41099 Villanueva del Río y Minas;3008;1988;1020;280;740;0
41101 Villaverde del Río;2994;2546;448;110;338;0
41102 Viso del Alcor, El;7394;5864;1530;368;1162;1
41901 Cañada Rosal;1456;1224;232;48;184;0
41902 Isla Mayor;2629;2285;344;20;324;0
41903 Cuervo de Sevilla, El;3355;2985;370;6;364;1
42004 Ágreda;2075;1166;909;609;300;3
42020 Almazán;3938;2187;1751;1061;690;2
42043 Burgo de Osma-Ciudad de Osma;4433;2008;2425;1249;1176;4
42095 Golmayo;1499;830;669;434;235;1
42134 Ólvega;2237;1515;722;445;277;0
42162 San Esteban de Gormaz;2918;1198;1720;1187;533;1
42164 San Leonardo de Yagüe;1496;865;631;280;351;0
42173 Soria;23587;15965;7622;3645;3977;10
43002 Albinyana;1770;899;871;617;254;1
43004 Alcanar;7363;4084;3279;2099;1180;1
43005 Alcover;2479;1988;491;220;271;1
43012 Altafulla;4585;1861;2724;2131;593;1
43013 Ametlla de Mar, L';7974;2979;4995;3729;1266;0
43014 Amposta;10879;8170;2709;328;2381;4
43016 Arboç, L';2461;1991;470;82;388;2
43020 Banyeres del Penedès;1600;1128;472;298;174;0
43022 Batea;1160;765;395;158;237;0
43024 Bellvei;1266;813;453;394;59;0
43028 Bisbal del Penedès, La;2845;1259;1586;1120;466;1
43031 Borges del Camp, Les;1017;759;258;161;97;1
43037 Calafell;26981;10092;16889;13635;3254;10
43038 Cambrils;30750;12622;18128;13030;5098;9
43042 Castellvell del Camp;1319;954;365;253;112;0
43043 Catllar, El;2433;1531;902;796;106;0
43044 Sénia, La;3471;2368;1103;392;711;1
43047 Constantí;2673;2502;171;17;154;0
43050 Creixell;4024;1409;2615;2249;366;2
43051 Cunit;13013;5010;8003;7587;416;3
43054 Espluga de Francolí, L';2327;1493;834;308;526;4
43055 Falset;1796;1074;722;459;263;1
43060 Flix;2348;1611;737;162;575;1
43064 Gandesa;1476;1153;323;162;161;1
43074 Llorenç del Penedès;1110;830;280;162;118;1
43086 Montblanc;4003;3012;991;381;610;3
43088 Montbrió del Camp;1378;966;412;95;317;0
43092 Mont-roig del Camp;14057;5241;8816;5103;3713;3
43093 Móra d'Ebre;3211;2051;1160;253;907;3
43094 Móra la Nova;1517;1276;241;76;165;4
43095 Morell, El;1465;1377;88;29;59;1
43100 Pallaresos, Els;1786;1516;270;135;135;0
43104 Perelló, El;1729;1271;458;82;376;0
43108 Pla de Santa Maria, El;1356;928;428;260;168;0
43109 Pobla de Mafumet, La;1283;1050;233;38;195;0
43111 Pobla de Montornès, La;1636;1184;452;290;162;0
43123 Reus;49867;40586;9281;2793;6488;27
43129 Riudoms;2889;2383;506;193;313;2
43131 Roda de Berà;8491;2482;6009;5100;909;2
43133 Roquetes;3612;3050;562;226;336;0
43136 Ràpita, La;10155;5857;4298;2664;1634;4
43137 Sant Jaume dels Domenys;1529;971;558;405;153;1
43138 Santa Bàrbara;2096;1592;504;41;463;0
43139 Santa Coloma de Queralt;1720;1082;638;189;449;1
43140 Santa Oliva;1669;1251;418;258;160;2
43145 Selva del Camp, La;2627;2008;619;430;189;3
43148 Tarragona;65711;52391;13320;5548;7772;12
43153 Torredembarra;14397;6198;8199;6833;1366;4
43155 Tortosa;16998;12984;4014;1931;2083;7
43156 Ulldecona;3976;2632;1344;342;1002;3
43161 Valls;12042;9523;2519;986;1533;6
43162 Vandellòs i l'Hospitalet de l'Infant;4971;2393;2578;2109;469;1
43163 Vendrell, El;31026;14397;16629;12369;4260;5
43166 Vilallonga del Camp;1121;829;292;78;214;0
43171 Vila-seca;17625;8401;9224;7466;1758;2
43901 Deltebre;6259;4270;1989;440;1549;1
43902 Sant Jaume d'Enveja;1900;1292;608;412;196;0
43903 Camarles;1712;1245;467;151;316;0
43904 Aldea, L';1893;1631;262;111;151;1
43905 Salou;31266;10793;20473;17454;3019;1
43906 Ampolla, L';3631;1422;2209;1103;1106;1
43907 Canonja, La;2318;2283;35;6;29;0
44008 Albalate del Arzobispo;1512;849;663;326;337;1
44013 Alcañiz;8881;6457;2424;989;1435;2
44014 Alcorisa;2163;1258;905;630;275;2
44025 Andorra;4013;3141;872;458;414;3
44050 Calamocha;3591;1782;1809;1293;516;1
44051 Calanda;2317;1428;889;367;522;3
44076 Cella;1764;1125;639;404;235;0
44153 Monreal del Campo;1623;1022;601;281;320;2
44216 Teruel;18999;13218;5781;2755;3026;22
44238 Utrillas;1733;1175;558;352;206;1
44246 Valderrobres;1731;928;803;566;237;2
45001 Ajofrín;1133;802;331;111;220;2
45002 Alameda de la Sagra;2076;1201;875;90;785;0
45006 Alcaudete de la Jara;1542;781;761;481;280;2
45013 Almorox;2423;900;1523;924;599;1
45014 Añover de Tajo;2464;1812;652;97;555;4
45016 Argés;2818;2065;753;393;360;1
45019 Bargas;5408;3466;1942;291;1651;1
45021 Borox;2313;1244;1069;303;766;0
45023 Burguillos de Toledo;1611;983;628;327;301;0
45028 Calera y Chozas;2742;1809;933;548;385;2
45031 Camarena;2924;1393;1531;422;1109;2
45037 Carpio de Tajo, El;1597;778;819;431;388;1
45038 Carranque;2503;1660;843;465;378;0
45040 Casar de Escalona, El;3156;790;2366;1846;520;0
45041 Casarrubios del Monte;4854;2195;2659;1715;944;3
45046 Cebolla;1946;1359;587;260;327;0
45047 Cedillo del Condado;2403;1278;1125;625;500;1
45051 Cobeja;1181;828;353;13;340;0
45052 Cobisa;2065;1363;702;499;203;0
45053 Consuegra;5502;3747;1755;607;1148;3
45054 Corral de Almaguer;3546;2218;1328;566;762;3
45056 Chozas de Canales;1907;1419;488;305;183;0
45059 Dosbarrios;1330;861;469;253;216;1
45061 Escalona;4551;1307;3244;2755;489;2
45064 Esquivias;2523;1899;624;138;486;2
45066 Fuensalida;6132;3690;2442;701;1741;2
45067 Gálvez;1867;1211;656;276;380;1
45069 Gerindote;1488;863;625;75;550;0
45071 Guardia, La;1634;938;696;536;160;1
45081 Illescas;11941;8961;2980;1117;1863;3
45084 Lillo;1906;1110;796;330;466;1
45085 Lominchar;1296;826;470;169;301;0
45087 Madridejos;5383;3723;1660;512;1148;2
45088 Magán;2243;1119;1124;202;922;1
45089 Malpica de Tajo;1369;803;566;316;250;1
45098 Menasalbas;1871;1159;712;527;185;1
45099 Méntrida;3789;1727;2062;1095;967;1
45101 Miguel Esteban;2656;1813;843;180;663;0
45102 Mocejón;2158;1558;600;108;492;2
45106 Mora;5420;3771;1649;812;837;5
45107 Nambroca;2498;1575;923;407;516;2
45109 Navahermosa;3189;1533;1656;1093;563;2
45110 Navalcán;2064;935;1129;680;449;0
45112 Navalmorales, Los;2041;1032;1009;799;210;3
45113 Navalucillos, Los;2544;1078;1466;932;534;1
45115 Noblejas;1794;1279;515;166;349;1
45118 Novés;1851;1036;815;391;424;1
45119 Numancia de la Sagra;2562;1719;843;375;468;0
45121 Ocaña;7154;3947;3207;330;2877;6
45122 Olías del Rey;3510;2352;1158;279;879;1
45123 Ontígola;2341;1545;796;504;292;0
45124 Orgaz;1592;1022;570;304;266;1
45125 Oropesa;2029;1141;888;585;303;2
45128 Pantoja;1599;1158;441;107;334;1
45132 Pepino;1501;853;648;444;204;3
45133 Polán;1949;1377;572;348;224;0
45134 Portillo de Toledo;1166;790;376;73;303;1
45135 Puebla de Almoradiel, La;2887;2040;847;176;671;0
45136 Puebla de Montalbán, La;4085;2894;1191;353;838;3
45137 Pueblanueva, La;1600;831;769;593;176;0
45142 Quintanar de la Orden;6042;4250;1792;538;1254;4
45145 Recas;2397;1568;829;159;670;2
45153 San Pablo de los Montes;1568;842;726;594;132;0
45156 Santa Cruz de la Zarza;2778;1780;998;521;477;1
45157 Santa Cruz del Retamar;3762;1209;2553;2116;437;6
45158 Santa Olalla;2386;1245;1141;628;513;1
45161 Seseña;11859;6680;5179;636;4543;1
45163 Sonseca;5099;4146;953;399;554;1
45165 Talavera de la Reina;42370;32058;10312;4560;5752;21
45166 Tembleque;1528;846;682;448;234;1
45167 Toboso, El;1318;847;471;319;152;4
45168 Toledo;37880;31386;6494;2464;4030;44
45173 Torrijos;5981;4799;1182;126;1056;7
45176 Ugena;2395;1729;666;537;129;0
45177 Urda;1887;1115;772;562;210;3
45180 Valmojado;2221;1549;672;146;526;3
45181 Velada;1621;996;625;321;304;1
45183 Ventas de Retamosa, Las;2066;1188;878;366;512;1
45185 Villacañas;5004;3683;1321;491;830;2
45186 Villa de Don Fadrique, La;2325;1592;733;261;472;0
45187 Villafranca de los Caballeros;3015;1957;1058;529;529;2
45188 Villaluenga de la Sagra;1809;1383;426;180;246;0
45192 Villanueva de Alcardete;2185;1299;886;599;287;0
45195 Villarrubia de Santiago;1738;1060;678;285;393;2
45197 Villasequilla;1401;992;409;167;242;0
45198 Villatobas;2002;1029;973;182;791;0
45199 Viso de San Juan, El;4255;1473;2782;2381;401;0
45200 Yébenes, Los;3066;2032;1034;430;604;1
45201 Yeles;3195;2003;1192;477;715;2
45202 Yepes;2809;1824;985;249;736;3
45203 Yuncler;2095;1322;773;232;541;0
45205 Yuncos;5089;3650;1439;646;793;1
46004 Agullent;1366;942;424;342;82;1
46005 Alaquàs;14642;11528;3114;322;2792;1
46006 Albaida;3279;2303;976;351;625;1
46007 Albal;7309;5835;1474;409;1065;0
46008 Albalat de la Ribera;2092;1425;667;188;479;0
46009 Albalat dels Sorells;1885;1350;535;16;519;0
46011 Alberic;5853;4369;1484;346;1138;1
46013 Alboraia/Alboraya;12974;9073;3901;1906;1995;1
46014 Albuixech;2019;1477;542;82;460;2
46015 Alcàsser;5188;3866;1322;207;1115;1
46017 Alzira;22047;17271;4776;1695;3081;6
46019 Alcúdia, l';5476;4343;1133;20;1113;0
46020 Alcúdia de Crespins, l';2638;2039;599;229;370;1
46021 Aldaia;14692;12098;2594;421;2173;4
46022 Alfafar;9727;8115;1612;171;1441;0
46025 Alfara del Patriarca;2058;1250;808;86;722;0
46029 Algemesí;14088;10848;3240;344;2896;2
46031 Alginet;7591;5436;2155;723;1432;0
46032 Almàssera;3488;2823;665;156;509;0
46034 Almoines;1227;989;238;128;110;0
46035 Almussafes;4428;3314;1114;31;1083;1
46039 Anna;1597;992;605;333;272;2
46042 Aielo de Malferit;2162;1706;456;122;334;0
46044 Ayora;3250;2093;1157;396;761;0
46048 Bellreguard;4089;1893;2196;1326;870;0
46051 Benaguasil;6363;4600;1763;436;1327;2
46054 Benetússer;7076;6137;939;150;789;0
46058 Benifairó de les Valls;1192;926;266;31;235;0
46060 Benifaió;6258;4724;1534;267;1267;0
46062 Benigànim;2843;2342;501;88;413;1
46063 Benimodo;1301;845;456;0;456;0
46067 Benissanó;1206;889;317;112;205;1
46070 Bétera;11307;7905;3402;1475;1927;8
46072 Bocairent;2613;1795;818;158;660;1
46074 Bonrepòs i Mirambell;1901;1396;505;67;438;0
46077 Buñol;5328;3753;1575;605;970;1
46078 Burjassot;18287;15037;3250;1043;2207;3
46081 Canals;6769;5068;1701;840;861;1
46082 Canet d'En Berenguer;9243;2449;6794;6335;459;3
46083 Carcaixent;11953;8035;3918;657;3261;3
46084 Càrcer;1035;825;210;103;107;0
46085 Carlet;7093;5788;1305;93;1212;2
46089 Casinos;1163;1093;70;20;50;0
46090 Castelló de Rugat;1220;910;310;146;164;0
46093 Catadau;1416;1063;353;205;148;0
46094 Catarroja;13191;10712;2479;320;2159;2
46098 Corbera;2184;1378;806;548;258;0
46102 Quart de Poblet;12222;9944;2278;465;1813;2
46104 Quatretonda;1100;974;126;78;48;1
46105 Cullera;28986;9165;19821;16809;3012;3
46107 Chella;2010;1045;965;524;441;0
46109 Cheste;5045;3490;1555;623;932;1
46110 Xirivella;14294;11836;2458;594;1864;1
46111 Chiva;12070;5775;6295;4182;2113;4
46113 Daimús;5935;1217;4718;4540;178;1
46116 Eliana, l';8620;5893;2727;1553;1174;7
46118 Enguera;2609;1934;675;380;295;2
46122 Faura;2009;1471;538;128;410;0
46123 Favara;1369;905;464;128;336;1
46126 Foios;3556;2722;834;34;800;0
46127 Font d'en Carròs, la;2371;1569;802;121;681;0
46128 Font de la Figuera, la;1720;879;841;78;763;0
46131 Gandia;54592;29646;24946;19911;5035;5
46132 Genovés, el;1514;1004;510;390;120;0
46134 Gilet;2528;1301;1227;1019;208;0
46135 Godella;5964;4654;1310;628;682;4
46136 Godelleta;3160;1259;1901;1492;409;1
46139 Guadassuar;3235;2279;956;356;600;1
46143 Xeraco;6197;2267;3930;3750;180;1
46145 Xàtiva;14430;11093;3337;627;2710;4
46146 Xeresa;1163;881;282;131;151;0
46147 Llíria;12069;8880;3189;2017;1172;2
46150 Llutxent;1314;860;454;238;216;0
46156 Llombai;1413;1038;375;242;133;0
46157 Llosa de Ranes, la;1519;1356;163;41;122;0
46159 Manises;14530;11704;2826;762;2064;3
46160 Manuel;1555;979;576;238;338;0
46163 Massalfassar;1226;991;235;36;199;0
46164 Massamagrell;8049;5834;2215;564;1651;2
46165 Massanassa;4420;3582;838;102;736;1
46166 Meliana;5398;4245;1153;169;984;1
46168 Miramar;4710;1112;3598;3030;568;2
46169 Mislata;21169;17499;3670;828;2842;1
46170 Moixent/Mogente;2821;1809;1012;591;421;1
46171 Moncada;10992;8112;2880;795;2085;3
46172 Montserrat;6972;2643;4329;3698;631;1
46176 Montroi/Montroy;1584;1109;475;103;372;0
46177 Museros;3175;2357;818;184;634;0
46178 Nàquera/Náquera;6703;2160;4543;3291;1252;1
46179 Navarrés;1944;1257;687;251;436;1
46181 Oliva;19035;10676;8359;5596;2763;4
46183 Olleria, l';4014;3159;855;132;723;0
46184 Ontinyent;18036;14189;3847;628;3219;4
46186 Paiporta;11399;9708;1691;313;1378;1
46190 Paterna;34116;25730;8386;2803;5583;7
46191 Pedralba;2418;1131;1287;723;564;0
46193 Picanya;5050;4131;919;199;720;5
46194 Picassent;10594;7822;2772;1310;1462;3
46195 Piles;3280;1154;2126;1623;503;0
46197 Polinyà de Xúquer;1374;986;388;61;327;1
46199 Pobla de Farnals, la;7963;3192;4771;4015;756;0
46200 Pobla del Duc, la;1399;930;469;191;278;0
46202 Pobla de Vallbona, la;11042;8206;2836;1611;1225;6
46203 Pobla Llarga, la;2276;1788;488;86;402;0
46204 Puig de Santa Maria, el;6736;3563;3173;2778;395;4
46205 Puçol;9099;7222;1877;254;1623;2
46207 Rafelbunyol;4302;3394;908;173;735;1
46209 Rafelguaraf;1244;916;328;146;182;0
46211 Real de Gandia, el;1060;874;186;64;122;0
46212 Real;1414;894;520;349;171;0
46213 Requena;13295;8031;5264;3233;2031;4
46214 Riba-roja de Túria;10592;7729;2863;1673;1190;3
46216 Rocafort;2987;2347;640;254;386;1
46220 Sagunt/Sagunto;40814;27191;13623;5138;8485;8
46223 Sedaví;4671;3924;747;188;559;1
46228 Serra;2654;1349;1305;971;334;1
46230 Silla;9209;7347;1862;207;1655;2
46231 Simat de la Valldigna;1895;1409;486;213;273;1
46233 Sollana;2663;2126;537;165;372;1
46235 Sueca;25152;11245;13907;11537;2370;4
46237 Tavernes Blanques;4481;3662;819;99;720;0
46238 Tavernes de la Valldigna;15189;7199;7990;6020;1970;1
46244 Torrent;40276;29851;10425;5174;5251;27
46248 Turís;3843;2399;1444;719;725;0
46249 Utiel;7154;4841;2313;1564;749;2
46250 València;419929;328979;90950;33757;57193;64
46251 Vallada;2275;1255;1020;841;179;1
46255 Vilallonga/Villalonga;2616;1839;777;254;523;0
46256 Vilamarxant;5313;3460;1853;900;953;0
46257 Castelló;3666;2855;811;374;437;0
46258 Villar del Arzobispo;2645;1538;1107;322;785;2
46260 Vinalesa;1763;1388;375;92;283;0
46261 Yátova;1758;826;932;454;478;0
46903 San Antonio de Benagéber;3674;2507;1167;282;885;3
47007 Aldeamayor de San Martín;2908;1835;1073;497;576;1
47010 Arroyo de la Encomienda;9057;6365;2692;394;2298;2
47023 Boecillo;2031;1505;526;305;221;1
47027 Cabezón de Pisuerga;1940;1404;536;185;351;1
47050 Cigales;2666;1852;814;139;675;1
47052 Cistérniga;3905;3271;634;278;356;1
47075 Íscar;3290;2463;827;207;620;1
47076 Laguna de Duero;9835;8375;1460;491;969;9
47085 Medina del Campo;10784;8624;2160;1110;1050;7
47086 Medina de Rioseco;2761;1865;896;440;456;2
47090 Mojados;1857;1213;644;396;248;2
47101 Nava del Rey;1495;847;648;371;277;1
47104 Olmedo;2165;1439;726;295;431;3
47112 Pedrajas de San Esteban;1699;1359;340;189;151;1
47114 Peñafiel;3061;2013;1048;701;347;4
47122 Portillo;1470;1014;456;187;269;1
47133 Renedo de Esgueva;1414;1166;248;83;165;1
47155 Santovenia de Pisuerga;2159;1561;598;125;473;2
47161 Simancas;2577;1763;814;560;254;1
47165 Tordesillas;5449;3569;1880;1144;736;2
47175 Tudela de Duero;5039;3320;1719;1052;667;3
47186 Valladolid;158168;129151;29017;10260;18757;91
47217 Villanubla;1508;920;588;235;353;1
47231 Zaratán;2587;2360;227;53;174;1
48001 Abadiño;2978;2695;283;137;146;1
48002 Abanto y Ciérvana-Abanto Zierbena;4438;3932;506;143;363;1
48003 Amorebieta-Etxano;8143;7210;933;274;659;5
48011 Arrigorriaga;5257;4720;537;113;424;3
48012 Bakio;3073;1153;1920;1581;339;1
48013 Barakaldo;45315;41985;3330;638;2692;10
48015 Basauri;19035;17116;1919;210;1709;3
48016 Berango;2761;2439;322;39;283;0
48017 Bermeo;8432;7053;1379;338;1041;2
48019 Berriz;2072;1867;205;60;145;1
48020 Bilbao;162561;147655;14906;3529;11377;111
48022 Karrantza Harana/Valle de Carranza;1690;1121;569;144;425;1
48027 Durango;12342;11015;1327;555;772;3
48029 Etxebarri;4410;3884;526;96;430;0
48032 Elorrio;3099;2840;259;89;170;4
48034 Ermua;7338;6442;896;219;677;1
48036 Galdakao;12861;11463;1398;504;894;5
48043 Gorliz;4552;2178;2374;1750;624;0
48044 Getxo;33062;30197;2865;1083;1782;11
48045 Güeñes;3143;2576;567;38;529;4
48046 Gernika-Lumo;7748;6922;826;252;574;6
48054 Leioa;12306;11700;606;277;329;3
48055 Lemoa;1836;1397;439;68;371;0
48057 Lekeitio;5374;3057;2317;1583;734;3
48060 Markina-Xemein;2304;1954;350;59;291;3
48065 Ugao-Miraballes;1897;1638;259;41;218;0
48069 Mungia;7492;6290;1202;355;847;4
48071 Muskiz;3486;2926;560;175;385;3
48073 Ondarroa;4036;3350;686;359;327;7
48074 Urduña/Orduña;2244;1728;516;286;230;1
48075 Orozko;1501;974;527;30;497;0
48077 Plentzia;2767;1689;1078;654;424;0
48078 Portugalete;21499;19827;1672;286;1386;9
48080 Valle de Trápaga-Trapagaran;5578;4899;679;171;508;3
48081 Lezama;1045;928;117;41;76;0
48082 Santurtzi;20924;19120;1804;238;1566;11
48083 Ortuella;3836;3318;518;282;236;1
48084 Sestao;13183;12194;989;210;779;2
48085 Sopela;5910;4673;1237;682;555;2
48086 Sopuerta;1343;962;381;179;202;4
48089 Urduliz;1636;1315;321;41;280;1
48090 Balmaseda;3727;3085;642;73;569;2
48094 Igorre;1931;1689;242;84;158;0
48095 Zaldibar;1394;1211;183;70;113;1
48096 Zalla;3688;3244;444;80;364;3
48901 Derio;2564;2154;410;113;297;2
48902 Erandio;10561;9623;938;131;807;6
48903 Loiu;1099;900;199;105;94;4
48904 Sondika;1967;1794;173;52;121;1
48905 Zamudio;1442;1236;206;37;169;0
48910 Iurreta;1744;1492;252;103;149;0
48912 Alonsotegi;1443;1227;216;26;190;0
49021 Benavente;11449;7334;4115;1541;2574;9
49127 Morales del Vino;1609;1056;553;290;263;2
49219 Toro;5696;3620;2076;762;1314;12
49275 Zamora;39062;27297;11765;5092;6673;17
50008 Alagón;3390;2670;720;151;569;3
50017 Alfajarín;1243;831;412;229;183;1
50025 Almunia de Doña Godina, La;3352;2782;570;332;238;3
50038 Ateca;1262;805;457;285;172;0
50055 Borja;4165;1920;2245;1434;811;8
50062 Burgo de Ebro, El;1368;963;405;218;187;0
50066 Cadrete;2229;1315;914;522;392;0
50067 Calatayud;11613;8317;3296;1170;2126;8
50068 Calatorao;1623;1202;421;307;114;2
50073 Cariñena;1718;1328;390;175;215;1
50074 Caspe;5189;3525;1664;709;955;4
50089 Cuarte de Huerva;5451;4079;1372;245;1127;2
50094 Daroca;1835;900;935;730;205;5
50095 Ejea de los Caballeros;9150;6362;2788;979;1809;4
50099 Épila;2615;1720;895;594;301;3
50115 Fuentes de Ebro;2439;1724;715;123;592;0
50118 Gallur;1812;1154;658;156;502;0
50126 Illueca;1616;1218;398;117;281;1
50152 Maella;1265;754;511;439;72;0
50160 Mallén;1814;1272;542;123;419;1
50163 María de Huerva;2340;1898;442;73;369;1
50165 Mequinenza;1257;929;328;266;62;0
50182 Muela, La;3305;1996;1309;392;917;1
50204 Pedrola;1712;1444;268;110;158;1
50208 Pina de Ebro;1266;1038;228;49;179;0
50209 Pinseque;2121;1372;749;300;449;4
50219 Puebla de Alfindén, La;2645;2049;596;43;553;1
50222 Quinto;1037;794;243;103;140;4
50225 Ricla;1378;1133;245;85;160;1
50235 San Mateo de Gállego;1704;1327;377;311;66;2
50251 Tarazona;6783;4395;2388;1041;1347;2
50252 Tauste;3593;2774;819;229;590;4
50272 Utebo;7918;6778;1140;405;735;2
50288 Villanueva de Gállego;2178;1719;459;157;302;2
50297 Zaragoza;326932;277588;49344;14208;35136;180
50298 Zuera;3617;3026;591;273;318;7
50903 Villamayor de Gállego;1167;1031;136;79;57;0
51001 Ceuta;26652;24904;1748;413;1335;13
52001 Melilla;26233;24666;1567;200;1367;13
